0.0978727
-0.787835
-0.942151
-0.221814
0.704445
0.976728
0.342259
-0.609949
-0.995906
-0.457307
0.505836
0.999383
0.565146
-0.393749
-0.987104
-0.664074
0.275453
0.959262
0.752533
-0.152815
-0.916296
-0.829127
0.0277676
0.858884
0.89265
0.0977176
-0.787931
-0.942099
-0.221662
0.704556
0.976695
0.342112
-0.610072
-0.995892
-0.457168
0.505971
0.999388
0.565017
-0.393892
-0.987129
-0.663958
0.275603
0.959306
0.75243
-0.152969
-0.916358
-0.82904
0.0279234
0.858964
0.892579
0.0975625
-0.788027
-0.942046
-0.22151
0.704666
0.976661
0.341966
-0.610196
-0.995878
-0.45703
0.506105
0.999394
0.564888
-0.394035
-0.987153
-0.663841
0.275753
0.95935
0.752327
-0.153123
-0.916421
-0.828953
0.0280792
0.859044
0.892509
0.0974074
-0.788123
-0.941994
-0.221358
0.704777
0.976628
0.341819
-0.610319
-0.995864
-0.456891
0.50624
0.999399
0.56476
-0.394178
-0.987178
-0.663724
0.275903
0.959394
0.752225
-0.153277
-0.916483
-0.828866
0.028235
0.859124
0.892439
0.0972523
-0.788219
-0.941942
-0.221206
0.704888
0.976594
0.341673
-0.610443
-0.99585
-0.456753
0.506374
0.999405
0.564631
-0.394322
-0.987203
-0.663608
0.276053
0.959438
0.752122
-0.153431
-0.916546
-0.828779
0.0283908
0.859203
0.892368
0.0970972
-0.788315
-0.941889
-0.221054
0.704998
0.976561
0.341526
-0.610566
-0.995836
-0.456614
0.506508
0.99941
0.564502
-0.394465
-0.987228
-0.663491
0.276202
0.959482
0.752019
-0.153585
-0.916608
-0.828691
0.0285466
0.859283
0.892298
0.096942
-0.788411
-0.941837
-0.220902
0.705109
0.976527
0.34138
-0.61069
-0.995821
-0.456475
0.506643
0.999415
0.564374
-0.394608
-0.987253
-0.663375
0.276352
0.959525
0.751917
-0.153739
-0.91667
-0.828604
0.0287024
0.859363
0.892228
0.0967869
-0.788507
-0.941785
-0.22075
0.705219
0.976494
0.341233
-0.610813
-0.995807
-0.456337
0.506777
0.999421
0.564245
-0.394751
-0.987278
-0.663258
0.276502
0.959569
0.751814
-0.153893
-0.916732
-0.828517
0.0288582
0.859442
0.892157
0.0966318
-0.788603
-0.941732
-0.220598
0.70533
0.97646
0.341087
-0.610937
-0.995793
-0.456198
0.506912
0.999426
0.564116
-0.394895
-0.987302
-0.663141
0.276652
0.959613
0.751711
-0.154047
-0.916795
-0.828429
0.029014
0.859522
0.892087
0.0964767
-0.788698
-0.94168
-0.220446
0.70544
0.976426
0.34094
-0.61106
-0.995778
-0.456059
0.507046
0.999431
0.563988
-0.395038
-0.987327
-0.663025
0.276801
0.959657
0.751608
-0.154201
-0.916857
-0.828342
0.0291698
0.859602
0.892017
0.0963215
-0.788794
-0.941627
-0.220294
0.705551
0.976393
0.340794
-0.611183
-0.995764
-0.45592
0.50718
0.999437
0.563859
-0.395181
-0.987352
-0.662908
0.276951
0.959701
0.751505
-0.154355
-0.916919
-0.828255
0.0293256
0.859681
0.891946
0.0961664
-0.78889
-0.941575
-0.220142
0.705661
0.976359
0.340647
-0.611307
-0.99575
-0.455782
0.507315
0.999442
0.56373
-0.395324
-0.987377
-0.662791
0.277101
0.959745
0.751403
-0.154509
-0.916981
-0.828168
0.0294813
0.859761
0.891876
0.0960113
-0.788986
-0.941522
-0.21999
0.705771
0.976325
0.340501
-0.61143
-0.995735
-0.455643
0.507449
0.999447
0.563602
-0.395467
-0.987401
-0.662675
0.277251
0.959788
0.7513
-0.154663
-0.917043
-0.82808
0.0296371
0.859841
0.891805
0.0958561
-0.789082
-0.94147
-0.219838
0.705882
0.976292
0.340354
-0.611553
-0.995721
-0.455504
0.507583
0.999452
0.563473
-0.39561
-0.987426
-0.662558
0.2774
0.959832
0.751197
-0.154817
-0.917106
-0.827993
0.0297929
0.85992
0.891735
0.095701
-0.789177
-0.941417
-0.219686
0.705992
0.976258
0.340208
-0.611677
-0.995707
-0.455365
0.507717
0.999457
0.563344
-0.395754
-0.987451
-0.662441
0.27755
0.959876
0.751094
-0.154971
-0.917168
-0.827905
0.0299487
0.86
0.891664
0.0955458
-0.789273
-0.941365
-0.219534
0.706103
0.976224
0.340061
-0.6118
-0.995692
-0.455227
0.507852
0.999462
0.563215
-0.395897
-0.987475
-0.662324
0.2777
0.95992
0.750991
-0.155125
-0.91723
-0.827818
0.0301045
0.860079
0.891593
0.0953907
-0.789369
-0.941312
-0.219382
0.706213
0.97619
0.339914
-0.611923
-0.995678
-0.455088
0.507986
0.999468
0.563087
-0.39604
-0.9875
-0.662208
0.27785
0.959963
0.750888
-0.155279
-0.917292
-0.82773
0.0302603
0.860159
0.891523
0.0952355
-0.789464
-0.94126
-0.21923
0.706323
0.976156
0.339768
-0.612046
-0.995663
-0.454949
0.50812
0.999473
0.562958
-0.396183
-0.987524
-0.662091
0.277999
0.960007
0.750785
-0.155433
-0.917354
-0.827643
0.0304161
0.860238
0.891452
0.0950804
-0.78956
-0.941207
-0.219078
0.706434
0.976123
0.339621
-0.61217
-0.995649
-0.45481
0.508254
0.999478
0.562829
-0.396326
-0.987549
-0.661974
0.278149
0.96005
0.750682
-0.155587
-0.917416
-0.827556
0.0305718
0.860318
0.891382
0.0949252
-0.789656
-0.941154
-0.218926
0.706544
0.976089
0.339475
-0.612293
-0.995634
-0.454672
0.508389
0.999483
0.5627
-0.396469
-0.987573
-0.661857
0.278299
0.960094
0.750579
-0.155741
-0.917478
-0.827468
0.0307276
0.860397
0.891311
0.0947701
-0.789751
-0.941102
-0.218774
0.706654
0.976055
0.339328
-0.612416
-0.99562
-0.454533
0.508523
0.999488
0.562571
-0.396612
-0.987598
-0.66174
0.278448
0.960138
0.750476
-0.155895
-0.91754
-0.827381
0.0308834
0.860477
0.89124
0.0946149
-0.789847
-0.941049
-0.218622
0.706764
0.976021
0.339181
-0.612539
-0.995605
-0.454394
0.508657
0.999493
0.562442
-0.396755
-0.987622
-0.661623
0.278598
0.960181
0.750373
-0.156049
-0.917602
-0.827293
0.0310392
0.860556
0.89117
0.0944598
-0.789942
-0.940996
-0.21847
0.706875
0.975987
0.339035
-0.612663
-0.99559
-0.454255
0.508791
0.999498
0.562313
-0.396898
-0.987647
-0.661507
0.278748
0.960225
0.75027
-0.156203
-0.917664
-0.827205
0.031195
0.860635
0.891099
0.0943046
-0.790038
-0.940943
-0.218317
0.706985
0.975953
0.338888
-0.612786
-0.995576
-0.454116
0.508925
0.999503
0.562185
-0.397041
-0.987671
-0.66139
0.278898
0.960268
0.750167
-0.156357
-0.917726
-0.827118
0.0313508
0.860715
0.891028
0.0941495
-0.790134
-0.940891
-0.218165
0.707095
0.975919
0.338742
-0.612909
-0.995561
-0.453977
0.50906
0.999507
0.562056
-0.397184
-0.987696
-0.661273
0.279047
0.960312
0.750064
-0.156511
-0.917788
-0.82703
0.0315065
0.860794
0.890957
0.0939943
-0.790229
-0.940838
-0.218013
0.707205
0.975885
0.338595
-0.613032
-0.995546
-0.453838
0.509194
0.999512
0.561927
-0.397327
-0.98772
-0.661156
0.279197
0.960355
0.749961
-0.156665
-0.91785
-0.826943
0.0316623
0.860873
0.890887
0.0938391
-0.790325
-0.940785
-0.217861
0.707316
0.975851
0.338448
-0.613155
-0.995532
-0.4537
0.509328
0.999517
0.561798
-0.39747
-0.987744
-0.661039
0.279347
0.960399
0.749858
-0.156819
-0.917911
-0.826855
0.0318181
0.860953
0.890816
0.093684
-0.79042
-0.940732
-0.217709
0.707426
0.975817
0.338302
-0.613278
-0.995517
-0.453561
0.509462
0.999522
0.561669
-0.397613
-0.987769
-0.660922
0.279496
0.960442
0.749755
-0.156972
-0.917973
-0.826767
0.0319739
0.861032
0.890745
0.0935288
-0.790515
-0.940679
-0.217557
0.707536
0.975783
0.338155
-0.613401
-0.995502
-0.453422
0.509596
0.999527
0.56154
-0.397756
-0.987793
-0.660805
0.279646
0.960485
0.749652
-0.157126
-0.918035
-0.82668
0.0321296
0.861111
0.890674
0.0933736
-0.790611
-0.940626
-0.217405
0.707646
0.975749
0.338008
-0.613524
-0.995488
-0.453283
0.50973
0.999532
0.561411
-0.397899
-0.987817
-0.660688
0.279795
0.960529
0.749549
-0.15728
-0.918097
-0.826592
0.0322854
0.86119
0.890603
0.0932184
-0.790706
-0.940573
-0.217253
0.707756
0.975715
0.337862
-0.613648
-0.995473
-0.453144
0.509864
0.999536
0.561282
-0.398042
-0.987841
-0.660571
0.279945
0.960572
0.749445
-0.157434
-0.918159
-0.826504
0.0324412
0.86127
0.890532
0.0930633
-0.790802
-0.94052
-0.2171
0.707866
0.97568
0.337715
-0.613771
-0.995458
-0.453005
0.509998
0.999541
0.561153
-0.398185
-0.987866
-0.660454
0.280095
0.960615
0.749342
-0.157588
-0.91822
-0.826416
0.032597
0.861349
0.890461
0.0929081
-0.790897
-0.940467
-0.216948
0.707976
0.975646
0.337568
-0.613894
-0.995443
-0.452866
0.510132
0.999546
0.561024
-0.398328
-0.98789
-0.660337
0.280244
0.960659
0.749239
-0.157742
-0.918282
-0.826329
0.0327527
0.861428
0.89039
0.0927529
-0.790992
-0.940415
-0.216796
0.708086
0.975612
0.337422
-0.614017
-0.995428
-0.452727
0.510266
0.99955
0.560895
-0.398471
-0.987914
-0.66022
0.280394
0.960702
0.749136
-0.157896
-0.918344
-0.826241
0.0329085
0.861507
0.89032
0.0925977
-0.791088
-0.940361
-0.216644
0.708196
0.975578
0.337275
-0.61414
-0.995413
-0.452588
0.5104
0.999555
0.560766
-0.398614
-0.987938
-0.660103
0.280544
0.960745
0.749032
-0.15805
-0.918405
-0.826153
0.0330643
0.861586
0.890249
0.0924425
-0.791183
-0.940308
-0.216492
0.708306
0.975544
0.337128
-0.614263
-0.995398
-0.452449
0.510534
0.99956
0.560637
-0.398757
-0.987962
-0.659986
0.280693
0.960789
0.748929
-0.158204
-0.918467
-0.826065
0.0332201
0.861665
0.890178
0.0922873
-0.791278
-0.940255
-0.21634
0.708416
0.975509
0.336981
-0.614386
-0.995383
-0.45231
0.510668
0.999564
0.560508
-0.3989
-0.987986
-0.659869
0.280843
0.960832
0.748826
-0.158358
-0.918529
-0.825977
0.0333758
0.861744
0.890107
0.0921321
-0.791374
-0.940202
-0.216188
0.708526
0.975475
0.336835
-0.614509
-0.995368
-0.452171
0.510802
0.999569
0.560379
-0.399043
-0.98801
-0.659751
0.280992
0.960875
0.748723
-0.158511
-0.91859
-0.82589
0.0335316
0.861823
0.890035
0.0919769
-0.791469
-0.940149
-0.216035
0.708636
0.975441
0.336688
-0.614632
-0.995353
-0.452032
0.510936
0.999574
0.56025
-0.399186
-0.988034
-0.659634
0.281142
0.960918
0.748619
-0.158665
-0.918652
-0.825802
0.0336874
0.861902
0.889964
0.0918217
-0.791564
-0.940096
-0.215883
0.708746
0.975406
0.336541
-0.614754
-0.995338
-0.451893
0.51107
0.999578
0.560121
-0.399329
-0.988058
-0.659517
0.281291
0.960961
0.748516
-0.158819
-0.918714
-0.825714
0.0338431
0.861981
0.889893
0.0916665
-0.79166
-0.940043
-0.215731
0.708856
0.975372
0.336394
-0.614877
-0.995323
-0.451754
0.511204
0.999583
0.559991
-0.399472
-0.988082
-0.6594
0.281441
0.961004
0.748413
-0.158973
-0.918775
-0.825626
0.0339989
0.86206
0.889822
0.0915113
-0.791755
-0.93999
-0.215579
0.708966
0.975338
0.336248
-0.615
-0.995308
-0.451615
0.511338
0.999587
0.559862
-0.399615
-0.988106
-0.659283
0.281591
0.961047
0.748309
-0.159127
-0.918837
-0.825538
0.0341547
0.862139
0.889751
0.0913561
-0.79185
-0.939937
-0.215427
0.709076
0.975303
0.336101
-0.615123
-0.995293
-0.451476
0.511472
0.999592
0.559733
-0.399757
-0.98813
-0.659166
0.28174
0.96109
0.748206
-0.159281
-0.918898
-0.82545
0.0343104
0.862218
0.88968
0.0912009
-0.791945
-0.939883
-0.215274
0.709186
0.975269
0.335954
-0.615246
-0.995278
-0.451337
0.511606
0.999596
0.559604
-0.3999
-0.988154
-0.659048
0.28189
0.961133
0.748102
-0.159435
-0.91896
-0.825362
0.0344662
0.862297
0.889609
0.0910457
-0.79204
-0.93983
-0.215122
0.709296
0.975234
0.335807
-0.615369
-0.995263
-0.451198
0.51174
0.9996
0.559475
-0.400043
-0.988178
-0.658931
0.282039
0.961177
0.747999
-0.159589
-0.919021
-0.825274
0.034622
0.862376
0.889538
0.0908905
-0.792135
-0.939777
-0.21497
0.709406
0.9752
0.33566
-0.615492
-0.995248
-0.451059
0.511874
0.999605
0.559346
-0.400186
-0.988202
-0.658814
0.282189
0.96122
0.747896
-0.159742
-0.919082
-0.825186
0.0347777
0.862455
0.889466
0.0907353
-0.792231
-0.939724
-0.214818
0.709516
0.975165
0.335514
-0.615615
-0.995233
-0.45092
0.512008
0.999609
0.559216
-0.400329
-0.988226
-0.658697
0.282338
0.961262
0.747792
-0.159896
-0.919144
-0.825098
0.0349335
0.862534
0.889395
0.0905801
-0.792326
-0.93967
-0.214666
0.709625
0.975131
0.335367
-0.615737
-0.995217
-0.45078
0.512142
0.999613
0.559087
-0.400472
-0.98825
-0.658579
0.282488
0.961305
0.747689
-0.16005
-0.919205
-0.82501
0.0350892
0.862613
0.889324
0.0904249
-0.792421
-0.939617
-0.214513
0.709735
0.975096
0.33522
-0.61586
-0.995202
-0.450641
0.512276
0.999618
0.558958
-0.400614
-0.988274
-0.658462
0.282637
0.961348
0.747585
-0.160204
-0.919267
-0.824922
0.035245
0.862692
0.889253
0.0902697
-0.792516
-0.939564
-0.214361
0.709845
0.975062
0.335073
-0.615983
-0.995187
-0.450502
0.512409
0.999622
0.558829
-0.400757
-0.988297
-0.658345
0.282787
0.961391
0.747482
-0.160358
-0.919328
-0.824834
0.0354008
0.862771
0.889181
0.0901144
-0.792611
-0.93951
-0.214209
0.709955
0.975027
0.334926
-0.616106
-0.995172
-0.450363
0.512543
0.999626
0.558699
-0.4009
-0.988321
-0.658228
0.282936
0.961434
0.747378
-0.160512
-0.919389
-0.824745
0.0355565
0.862849
0.88911
0.0899592
-0.792706
-0.939457
-0.214057
0.710065
0.974992
0.334779
-0.616229
-0.995156
-0.450224
0.512677
0.999631
0.55857
-0.401043
-0.988345
-0.65811
0.283086
0.961477
0.747274
-0.160665
-0.919451
-0.824657
0.0357123
0.862928
0.889039
0.089804
-0.792801
-0.939403
-0.213904
0.710174
0.974958
0.334632
-0.616351
-0.995141
-0.450085
0.512811
0.999635
0.558441
-0.401186
-0.988369
-0.657993
0.283235
0.96152
0.747171
-0.160819
-0.919512
-0.824569
0.035868
0.863007
0.888967
0.0896488
-0.792896
-0.93935
-0.213752
0.710284
0.974923
0.334486
-0.616474
-0.995126
-0.449945
0.512945
0.999639
0.558312
-0.401328
-0.988392
-0.657875
0.283385
0.961563
0.747067
-0.160973
-0.919573
-0.824481
0.0360238
0.863086
0.888896
0.0894935
-0.792991
-0.939297
-0.2136
0.710394
0.974888
0.334339
-0.616597
-0.99511
-0.449806
0.513078
0.999643
0.558182
-0.401471
-0.988416
-0.657758
0.283534
0.961605
0.746964
-0.161127
-0.919634
-0.824393
0.0361795
0.863164
0.888824
0.0893383
-0.793086
-0.939243
-0.213448
0.710503
0.974854
0.334192
-0.616719
-0.995095
-0.449667
0.513212
0.999647
0.558053
-0.401614
-0.98844
-0.657641
0.283684
0.961648
0.74686
-0.161281
-0.919695
-0.824304
0.0363353
0.863243
0.888753
0.0891831
-0.793181
-0.93919
-0.213295
0.710613
0.974819
0.334045
-0.616842
-0.995079
-0.449528
0.513346
0.999652
0.557924
-0.401757
-0.988463
-0.657523
0.283833
0.961691
0.746756
-0.161435
-0.919757
-0.824216
0.036491
0.863322
0.888682
0.0890278
-0.793276
-0.939136
-0.213143
0.710723
0.974784
0.333898
-0.616965
-0.995064
-0.449389
0.51348
0.999656
0.557794
-0.401899
-0.988487
-0.657406
0.283982
0.961734
0.746653
-0.161588
-0.919818
-0.824128
0.0366468
0.8634
0.88861
0.0888726
-0.79337
-0.939082
-0.212991
0.710832
0.974749
0.333751
-0.617087
-0.995048
-0.449249
0.513613
0.99966
0.557665
-0.402042
-0.98851
-0.657288
0.284132
0.961776
0.746549
-0.161742
-0.919879
-0.82404
0.0368026
0.863479
0.888539
0.0887173
-0.793465
-0.939029
-0.212839
0.710942
0.974715
0.333604
-0.61721
-0.995033
-0.44911
0.513747
0.999664
0.557536
-0.402185
-0.988534
-0.657171
0.284281
0.961819
0.746445
-0.161896
-0.91994
-0.823951
0.0369583
0.863557
0.888467
0.0885621
-0.79356
-0.938975
-0.212686
0.711052
0.97468
0.333457
-0.617333
-0.995017
-0.448971
0.513881
0.999668
0.557406
-0.402327
-0.988557
-0.657053
0.284431
0.961862
0.746342
-0.16205
-0.920001
-0.823863
0.0371141
0.863636
0.888396
0.0884069
-0.793655
-0.938922
-0.212534
0.711161
0.974645
0.33331
-0.617455
-0.995002
-0.448832
0.514015
0.999672
0.557277
-0.40247
-0.988581
-0.656936
0.28458
0.961904
0.746238
-0.162204
-0.920062
-0.823775
0.0372698
0.863715
0.888324
0.0882516
-0.79375
-0.938868
-0.212382
0.711271
0.97461
0.333163
-0.617578
-0.994986
-0.448692
0.514148
0.999676
0.557147
-0.402613
-0.988604
-0.656818
0.28473
0.961947
0.746134
-0.162357
-0.920123
-0.823686
0.0374255
0.863793
0.888252
0.0880964
-0.793845
-0.938814
-0.212229
0.71138
0.974575
0.333016
-0.6177
-0.994971
-0.448553
0.514282
0.99968
0.557018
-0.402755
-0.988628
-0.656701
0.284879
0.961989
0.74603
-0.162511
-0.920184
-0.823598
0.0375813
0.863872
0.888181
0.0879411
-0.793939
-0.938761
-0.212077
0.71149
0.97454
0.332869
-0.617823
-0.994955
-0.448414
0.514416
0.999684
0.556888
-0.402898
-0.988651
-0.656583
0.285028
0.962032
0.745927
-0.162665
-0.920245
-0.82351
0.037737
0.86395
0.888109
0.0877859
-0.794034
-0.938707
-0.211925
0.711599
0.974505
0.332722
-0.617945
-0.994939
-0.448274
0.514549
0.999688
0.556759
-0.403041
-0.988675
-0.656466
0.285178
0.962074
0.745823
-0.162819
-0.920306
-0.823421
0.0378928
0.864029
0.888038
0.0876306
-0.794129
-0.938653
-0.211772
0.711709
0.97447
0.332575
-0.618068
-0.994924
-0.448135
0.514683
0.999691
0.55663
-0.403183
-0.988698
-0.656348
0.285327
0.962117
0.745719
-0.162973
-0.920367
-0.823333
0.0380485
0.864107
0.887966
0.0874753
-0.794224
-0.938599
-0.21162
0.711818
0.974435
0.332428
-0.618191
-0.994908
-0.447996
0.514816
0.999695
0.5565
-0.403326
-0.988721
-0.656231
0.285476
0.962159
0.745615
-0.163126
-0.920428
-0.823244
0.0382043
0.864186
0.887894
0.0873201
-0.794318
-0.938546
-0.211468
0.711928
0.9744
0.332281
-0.618313
-0.994892
-0.447856
0.51495
0.999699
0.556371
-0.403469
-0.988745
-0.656113
0.285626
0.962202
0.745511
-0.16328
-0.920489
-0.823156
0.03836
0.864264
0.887822
0.0871648
-0.794413
-0.938492
-0.211315
0.712037
0.974365
0.332134
-0.618436
-0.994877
-0.447717
0.515084
0.999703
0.556241
-0.403611
-0.988768
-0.655995
0.285775
0.962244
0.745407
-0.163434
-0.92055
-0.823067
0.0385158
0.864342
0.887751
0.0870096
-0.794508
-0.938438
-0.211163
0.712147
0.97433
0.331987
-0.618558
-0.994861
-0.447578
0.515217
0.999707
0.556111
-0.403754
-0.988791
-0.655878
0.285925
0.962287
0.745303
-0.163588
-0.920611
-0.822979
0.0386715
0.864421
0.887679
0.0868543
-0.794602
-0.938384
-0.211011
0.712256
0.974295
0.33184
-0.61868
-0.994845
-0.447438
0.515351
0.99971
0.555982
-0.403896
-0.988815
-0.65576
0.286074
0.962329
0.745199
-0.163741
-0.920672
-0.82289
0.0388272
0.864499
0.887607
0.086699
-0.794697
-0.93833
-0.210858
0.712365
0.97426
0.331693
-0.618803
-0.994829
-0.447299
0.515484
0.999714
0.555852
-0.404039
-0.988838
-0.655642
0.286223
0.962372
0.745096
-0.163895
-0.920733
-0.822802
0.038983
0.864577
0.887535
0.0865438
-0.794791
-0.938276
-0.210706
0.712475
0.974225
0.331546
-0.618925
-0.994813
-0.44716
0.515618
0.999718
0.555723
-0.404181
-0.988861
-0.655525
0.286373
0.962414
0.744992
-0.164049
-0.920793
-0.822713
0.0391387
0.864656
0.887464
0.0863885
-0.794886
-0.938222
-0.210554
0.712584
0.974189
0.331399
-0.619048
-0.994798
-0.44702
0.515751
0.999722
0.555593
-0.404324
-0.988884
-0.655407
0.286522
0.962456
0.744888
-0.164203
-0.920854
-0.822624
0.0392944
0.864734
0.887392
0.0862332
-0.794981
-0.938169
-0.210401
0.712693
0.974154
0.331252
-0.61917
-0.994782
-0.446881
0.515885
0.999725
0.555464
-0.404467
-0.988907
-0.655289
0.286671
0.962498
0.744784
-0.164356
-0.920915
-0.822536
0.0394502
0.864812
0.88732
0.0860779
-0.795075
-0.938115
-0.210249
0.712803
0.974119
0.331105
-0.619293
-0.994766
-0.446741
0.516019
0.999729
0.555334
-0.404609
-0.988931
-0.655171
0.286821
0.962541
0.74468
-0.16451
-0.920976
-0.822447
0.0396059
0.86489
0.887248
0.0859226
-0.79517
-0.938061
-0.210097
0.712912
0.974084
0.330958
-0.619415
-0.99475
-0.446602
0.516152
0.999733
0.555204
-0.404752
-0.988954
-0.655054
0.28697
0.962583
0.744576
-0.164664
-0.921036
-0.822358
0.0397616
0.864969
0.887176
0.0857674
-0.795264
-0.938007
-0.209944
0.713021
0.974049
0.330811
-0.619537
-0.994734
-0.446462
0.516286
0.999736
0.555075
-0.404894
-0.988977
-0.654936
0.287119
0.962625
0.744471
-0.164818
-0.921097
-0.82227
0.0399174
0.865047
0.887104
0.0856121
-0.795359
-0.937953
-0.209792
0.713131
0.974013
0.330664
-0.61966
-0.994718
-0.446323
0.516419
0.99974
0.554945
-0.405037
-0.989
-0.654818
0.287268
0.962667
0.744367
-0.164971
-0.921158
-0.822181
0.0400731
0.865125
0.887032
0.0854568
-0.795453
-0.937898
-0.209639
0.71324
0.973978
0.330517
-0.619782
-0.994702
-0.446183
0.516552
0.999743
0.554815
-0.405179
-0.989023
-0.6547
0.287418
0.96271
0.744263
-0.165125
-0.921218
-0.822092
0.0402288
0.865203
0.88696
0.0853015
-0.795547
-0.937844
-0.209487
0.713349
0.973943
0.33037
-0.619904
-0.994686
-0.446044
0.516686
0.999747
0.554686
-0.405322
-0.989046
-0.654583
0.287567
0.962752
0.744159
-0.165279
-0.921279
-0.822004
0.0403846
0.865281
0.886888
0.0851462
-0.795642
-0.93779
-0.209335
0.713458
0.973907
0.330223
-0.620026
-0.99467
-0.445904
0.516819
0.99975
0.554556
-0.405464
-0.989069
-0.654465
0.287716
0.962794
0.744055
-0.165432
-0.92134
-0.821915
0.0405403
0.86536
0.886816
0.0849909
-0.795736
-0.937736
-0.209182
0.713568
0.973872
0.330076
-0.620149
-0.994654
-0.445765
0.516953
0.999754
0.554426
-0.405607
-0.989092
-0.654347
0.287866
0.962836
0.743951
-0.165586
-0.9214
-0.821826
0.040696
0.865438
0.886744
0.0848356
-0.795831
-0.937682
-0.20903
0.713677
0.973836
0.329928
-0.620271
-0.994638
-0.445625
0.517086
0.999757
0.554297
-0.405749
-0.989115
-0.654229
0.288015
0.962878
0.743847
-0.16574
-0.921461
-0.821737
0.0408518
0.865516
0.886672
0.0846803
-0.795925
-0.937628
-0.208877
0.713786
0.973801
0.329781
-0.620393
-0.994621
-0.445486
0.51722
0.999761
0.554167
-0.405891
-0.989138
-0.654111
0.288164
0.96292
0.743743
-0.165893
-0.921521
-0.821648
0.0410075
0.865594
0.8866
0.084525
-0.796019
-0.937574
-0.208725
0.713895
0.973766
0.329634
-0.620515
-0.994605
-0.445346
0.517353
0.999764
0.554037
-0.406034
-0.989161
-0.653993
0.288313
0.962962
0.743638
-0.166047
-0.921582
-0.82156
0.0411632
0.865672
0.886528
0.0843697
-0.796114
-0.937519
-0.208573
0.714004
0.97373
0.329487
-0.620638
-0.994589
-0.445207
0.517486
0.999767
0.553907
-0.406176
-0.989183
-0.653875
0.288463
0.963004
0.743534
-0.166201
-0.921642
-0.821471
0.0413189
0.86575
0.886456
0.0842144
-0.796208
-0.937465
-0.20842
0.714113
0.973695
0.32934
-0.62076
-0.994573
-0.445067
0.51762
0.999771
0.553778
-0.406319
-0.989206
-0.653757
0.288612
0.963046
0.74343
-0.166355
-0.921703
-0.821382
0.0414747
0.865828
0.886384
0.0840591
-0.796302
-0.937411
-0.208268
0.714222
0.973659
0.329193
-0.620882
-0.994557
-0.444928
0.517753
0.999774
0.553648
-0.406461
-0.989229
-0.653639
0.288761
0.963088
0.743326
-0.166508
-0.921763
-0.821293
0.0416304
0.865906
0.886312
0.0839038
-0.796397
-0.937357
-0.208115
0.714331
0.973624
0.329045
-0.621004
-0.99454
-0.444788
0.517886
0.999777
0.553518
-0.406603
-0.989252
-0.653521
0.28891
0.96313
0.743221
-0.166662
-0.921824
-0.821204
0.0417861
0.865984
0.886239
0.0837485
-0.796491
-0.937302
-0.207963
0.71444
0.973588
0.328898
-0.621126
-0.994524
-0.444648
0.51802
0.999781
0.553388
-0.406746
-0.989275
-0.653404
0.289059
0.963172
0.743117
-0.166816
-0.921884
-0.821115
0.0419418
0.866062
0.886167
0.0835932
-0.796585
-0.937248
-0.20781
0.71455
0.973552
0.328751
-0.621249
-0.994508
-0.444509
0.518153
0.999784
0.553258
-0.406888
-0.989297
-0.653286
0.289209
0.963214
0.743013
-0.166969
-0.921944
-0.821026
0.0420975
0.86614
0.886095
0.0834379
-0.796679
-0.937194
-0.207658
0.714659
0.973517
0.328604
-0.621371
-0.994491
-0.444369
0.518286
0.999787
0.553129
-0.407031
-0.98932
-0.653168
0.289358
0.963256
0.742909
-0.167123
-0.922005
-0.820937
0.0422533
0.866217
0.886023
0.0832826
-0.796773
-0.937139
-0.207505
0.714768
0.973481
0.328457
-0.621493
-0.994475
-0.44423
0.51842
0.99979
0.552999
-0.407173
-0.989343
-0.653049
0.289507
0.963298
0.742804
-0.167277
-0.922065
-0.820848
0.042409
0.866295
0.88595
0.0831273
-0.796868
-0.937085
-0.207353
0.714877
0.973445
0.32831
-0.621615
-0.994459
-0.44409
0.518553
0.999793
0.552869
-0.407315
-0.989366
-0.652931
0.289656
0.963339
0.7427
-0.16743
-0.922125
-0.820759
0.0425647
0.866373
0.885878
0.082972
-0.796962
-0.93703
-0.2072
0.714986
0.97341
0.328162
-0.621737
-0.994442
-0.44395
0.518686
0.999797
0.552739
-0.407458
-0.989388
-0.652813
0.289805
0.963381
0.742596
-0.167584
-0.922186
-0.82067
0.0427204
0.866451
0.885806
0.0828166
-0.797056
-0.936976
-0.207048
0.715094
0.973374
0.328015
-0.621859
-0.994426
-0.443811
0.518819
0.9998
0.552609
-0.4076
-0.989411
-0.652695
0.289954
0.963423
0.742491
-0.167738
-0.922246
-0.820581
0.0428761
0.866529
0.885733
0.0826613
-0.79715
-0.936922
-0.206896
0.715203
0.973338
0.327868
-0.621981
-0.994409
-0.443671
0.518953
0.999803
0.552479
-0.407742
-0.989433
-0.652577
0.290104
0.963465
0.742387
-0.167891
-0.922306
-0.820492
0.0430318
0.866607
0.885661
0.082506
-0.797244
-0.936867
-0.206743
0.715312
0.973303
0.327721
-0.622103
-0.994393
-0.443531
0.519086
0.999806
0.552349
-0.407885
-0.989456
-0.652459
0.290253
0.963507
0.742282
-0.168045
-0.922366
-0.820403
0.0431875
0.866684
0.885589
0.0823507
-0.797338
-0.936813
-0.206591
0.715421
0.973267
0.327573
-0.622225
-0.994377
-0.443392
0.519219
0.999809
0.552219
-0.408027
-0.989479
-0.652341
0.290402
0.963548
0.742178
-0.168198
-0.922427
-0.820314
0.0433432
0.866762
0.885516
0.0821953
-0.797432
-0.936758
-0.206438
0.71553
0.973231
0.327426
-0.622347
-0.99436
-0.443252
0.519352
0.999812
0.552089
-0.408169
-0.989501
-0.652223
0.290551
0.96359
0.742073
-0.168352
-0.922487
-0.820224
0.043499
0.86684
0.885444
0.08204
-0.797526
-0.936703
-0.206286
0.715639
0.973195
0.327279
-0.622469
-0.994343
-0.443112
0.519485
0.999815
0.55196
-0.408311
-0.989524
-0.652105
0.2907
0.963632
0.741969
-0.168506
-0.922547
-0.820135
0.0436547
0.866917
0.885371
0.0818847
-0.79762
-0.936649
-0.206133
0.715748
0.973159
0.327132
-0.622591
-0.994327
-0.442972
0.519619
0.999818
0.55183
-0.408454
-0.989546
-0.651987
0.290849
0.963673
0.741864
-0.168659
-0.922607
-0.820046
0.0438104
0.866995
0.885299
0.0817293
-0.797714
-0.936594
-0.205981
0.715857
0.973123
0.326984
-0.622713
-0.99431
-0.442833
0.519752
0.999821
0.5517
-0.408596
-0.989569
-0.651868
0.290998
0.963715
0.74176
-0.168813
-0.922667
-0.819957
0.0439661
0.867073
0.885226
0.081574
-0.797808
-0.93654
-0.205828
0.715966
0.973087
0.326837
-0.622835
-0.994294
-0.442693
0.519885
0.999824
0.55157
-0.408738
-0.989591
-0.65175
0.291148
0.963756
0.741655
-0.168967
-0.922727
-0.819868
0.0441218
0.86715
0.885154
0.0814187
-0.797902
-0.936485
-0.205675
0.716074
0.973052
0.32669
-0.622957
-0.994277
-0.442553
0.520018
0.999827
0.55144
-0.40888
-0.989613
-0.651632
0.291297
0.963798
0.741551
-0.16912
-0.922787
-0.819778
0.0442775
0.867228
0.885081
0.0812633
-0.797996
-0.93643
-0.205523
0.716183
0.973016
0.326542
-0.623079
-0.99426
-0.442413
0.520151
0.99983
0.55131
-0.409023
-0.989636
-0.651514
0.291446
0.96384
0.741446
-0.169274
-0.922847
-0.819689
0.0444332
0.867306
0.885009
0.081108
-0.79809
-0.936376
-0.20537
0.716292
0.97298
0.326395
-0.623201
-0.994244
-0.442274
0.520284
0.999833
0.55118
-0.409165
-0.989658
-0.651395
0.291595
0.963881
0.741342
-0.169427
-0.922907
-0.8196
0.0445889
0.867383
0.884936
0.0809526
-0.798184
-0.936321
-0.205218
0.716401
0.972944
0.326248
-0.623323
-0.994227
-0.442134
0.520417
0.999835
0.551049
-0.409307
-0.989681
-0.651277
0.291744
0.963923
0.741237
-0.169581
-0.922967
-0.819511
0.0447446
0.867461
0.884864
0.0807973
-0.798278
-0.936266
-0.205065
0.716509
0.972908
0.3261
-0.623444
-0.99421
-0.441994
0.52055
0.999838
0.550919
-0.409449
-0.989703
-0.651159
0.291893
0.963964
0.741132
-0.169735
-0.923027
-0.819421
0.0449003
0.867538
0.884791
0.080642
-0.798372
-0.936211
-0.204913
0.716618
0.972872
0.325953
-0.623566
-0.994194
-0.441854
0.520683
0.999841
0.550789
-0.409592
-0.989725
-0.651041
0.292042
0.964005
0.741028
-0.169888
-0.923087
-0.819332
0.045056
0.867616
0.884718
0.0804866
-0.798466
-0.936157
-0.20476
0.716727
0.972836
0.325806
-0.623688
-0.994177
-0.441714
0.520816
0.999844
0.550659
-0.409734
-0.989747
-0.650922
0.292191
0.964047
0.740923
-0.170042
-0.923147
-0.819242
0.0452117
0.867693
0.884646
0.0803312
-0.798559
-0.936102
-0.204608
0.716835
0.972799
0.325658
-0.62381
-0.99416
-0.441575
0.52095
0.999847
0.550529
-0.409876
-0.98977
-0.650804
0.29234
0.964088
0.740818
-0.170195
-0.923207
-0.819153
0.0453674
0.867771
0.884573
0.0801759
-0.798653
-0.936047
-0.204455
0.716944
0.972763
0.325511
-0.623932
-0.994143
-0.441435
0.521083
0.999849
0.550399
-0.410018
-0.989792
-0.650686
0.292489
0.96413
0.740714
-0.170349
-0.923267
-0.819064
0.0455231
0.867848
0.8845
0.0800205
-0.798747
-0.935992
-0.204303
0.717053
0.972727
0.325364
-0.624054
-0.994126
-0.441295
0.521216
0.999852
0.550269
-0.41016
-0.989814
-0.650567
0.292638
0.964171
0.740609
-0.170503
-0.923327
-0.818974
0.0456788
0.867926
0.884428
0.0798652
-0.798841
-0.935937
-0.20415
0.717161
0.972691
0.325216
-0.624175
-0.994109
-0.441155
0.521349
0.999855
0.550139
-0.410302
-0.989836
-0.650449
0.292787
0.964212
0.740504
-0.170656
-0.923387
-0.818885
0.0458345
0.868003
0.884355
0.0797098
-0.798934
-0.935882
-0.203997
0.71727
0.972655
0.325069
-0.624297
-0.994092
-0.441015
0.521482
0.999857
0.550009
-0.410444
-0.989858
-0.650331
0.292936
0.964254
0.740399
-0.17081
-0.923447
-0.818795
0.0459902
0.86808
0.884282
0.0795545
-0.799028
-0.935827
-0.203845
0.717379
0.972619
0.324921
-0.624419
-0.994076
-0.440875
0.521615
0.99986
0.549878
-0.410587
-0.989881
-0.650212
0.293085
0.964295
0.740295
-0.170963
-0.923506
-0.818706
0.0461458
0.868158
0.884209
0.0793991
-0.799122
-0.935773
-0.203692
0.717487
0.972582
0.324774
-0.624541
-0.994059
-0.440735
0.521748
0.999863
0.549748
-0.410729
-0.989903
-0.650094
0.293234
0.964336
0.74019
-0.171117
-0.923566
-0.818616
0.0463015
0.868235
0.884137
0.0792437
-0.799216
-0.935718
-0.20354
0.717596
0.972546
0.324627
-0.624662
-0.994042
-0.440595
0.52188
0.999865
0.549618
-0.410871
-0.989925
-0.649975
0.293383
0.964377
0.740085
-0.17127
-0.923626
-0.818527
0.0464572
0.868312
0.884064
0.0790884
-0.799309
-0.935663
-0.203387
0.717704
0.97251
0.324479
-0.624784
-0.994025
-0.440456
0.522013
0.999868
0.549488
-0.411013
-0.989947
-0.649857
0.293532
0.964419
0.73998
-0.171424
-0.923686
-0.818437
0.0466129
0.86839
0.883991
0.078933
-0.799403
-0.935608
-0.203234
0.717813
0.972474
0.324332
-0.624906
-0.994008
-0.440316
0.522146
0.99987
0.549358
-0.411155
-0.989969
-0.649738
0.293681
0.96446
0.739875
-0.171577
-0.923745
-0.818348
0.0467686
0.868467
0.883918
0.0787776
-0.799497
-0.935553
-0.203082
0.717921
0.972437
0.324184
-0.625027
-0.993991
-0.440176
0.522279
0.999873
0.549227
-0.411297
-0.989991
-0.64962
0.29383
0.964501
0.739771
-0.171731
-0.923805
-0.818258
0.0469243
0.868544
0.883845
0.0786223
-0.79959
-0.935497
-0.202929
0.71803
0.972401
0.324037
-0.625149
-0.993973
-0.440036
0.522412
0.999875
0.549097
-0.411439
-0.990013
-0.649501
0.293979
0.964542
0.739666
-0.171885
-0.923865
-0.818169
0.04708
0.868621
0.883772
0.0784669
-0.799684
-0.935442
-0.202777
0.718138
0.972364
0.323889
-0.625271
-0.993956
-0.439896
0.522545
0.999878
0.548967
-0.411581
-0.990035
-0.649383
0.294128
0.964583
0.739561
-0.172038
-0.923924
-0.818079
0.0472357
0.868699
0.883699
0.0783115
-0.799777
-0.935387
-0.202624
0.718247
0.972328
0.323742
-0.625392
-0.993939
-0.439756
0.522678
0.99988
0.548837
-0.411723
-0.990057
-0.649264
0.294277
0.964624
0.739456
-0.172192
-0.923984
-0.817989
0.0473913
0.868776
0.883626
0.0781561
-0.799871
-0.935332
-0.202471
0.718355
0.972292
0.323594
-0.625514
-0.993922
-0.439616
0.522811
0.999882
0.548706
-0.411865
-0.990079
-0.649146
0.294426
0.964665
0.739351
-0.172345
-0.924043
-0.8179
0.047547
0.868853
0.883553
0.0780007
-0.799964
-0.935277
-0.202319
0.718464
0.972255
0.323447
-0.625635
-0.993905
-0.439476
0.522944
0.999885
0.548576
-0.412007
-0.990101
-0.649027
0.294575
0.964707
0.739246
-0.172499
-0.924103
-0.81781
0.0477027
0.86893
0.88348
0.0778454
-0.800058
-0.935222
-0.202166
0.718572
0.972219
0.3233
-0.625757
-0.993888
-0.439336
0.523077
0.999887
0.548446
-0.412149
-0.990122
-0.648909
0.294724
0.964748
0.739141
-0.172652
-0.924163
-0.81772
0.0478584
0.869007
0.883407
0.07769
-0.800151
-0.935167
-0.202013
0.71868
0.972182
0.323152
-0.625879
-0.99387
-0.439196
0.523209
0.999889
0.548315
-0.412291
-0.990144
-0.64879
0.294873
0.964789
0.739036
-0.172806
-0.924222
-0.817631
0.0480141
0.869084
0.883334
0.0775346
-0.800245
-0.935111
-0.201861
0.718789
0.972146
0.323005
-0.626
-0.993853
-0.439056
0.523342
0.999892
0.548185
-0.412433
-0.990166
-0.648671
0.295022
0.96483
0.738931
-0.172959
-0.924282
-0.817541
0.0481697
0.869162
0.883261
0.0773792
-0.800338
-0.935056
-0.201708
0.718897
0.972109
0.322857
-0.626122
-0.993836
-0.438916
0.523475
0.999894
0.548055
-0.412575
-0.990188
-0.648553
0.295171
0.964871
0.738826
-0.173113
-0.924341
-0.817451
0.0483254
0.869239
0.883188
0.0772238
-0.800432
-0.935001
-0.201556
0.719005
0.972073
0.32271
-0.626243
-0.993819
-0.438776
0.523608
0.999896
0.547924
-0.412717
-0.99021
-0.648434
0.29532
0.964911
0.738721
-0.173266
-0.924401
-0.817361
0.0484811
0.869316
0.883115
0.0770684
-0.800525
-0.934946
-0.201403
0.719114
0.972036
0.322562
-0.626365
-0.993801
-0.438636
0.523741
0.999899
0.547794
-0.412859
-0.990231
-0.648316
0.295469
0.964952
0.738616
-0.17342
-0.92446
-0.817271
0.0486367
0.869393
0.883042
0.076913
-0.800619
-0.93489
-0.20125
0.719222
0.971999
0.322414
-0.626486
-0.993784
-0.438496
0.523873
0.999901
0.547663
-0.413001
-0.990253
-0.648197
0.295617
0.964993
0.738511
-0.173573
-0.924519
-0.817182
0.0487924
0.86947
0.882969
0.0767576
-0.800712
-0.934835
-0.201098
0.71933
0.971963
0.322267
-0.626608
-0.993767
-0.438356
0.524006
0.999903
0.547533
-0.413143
-0.990275
-0.648078
0.295766
0.965034
0.738406
-0.173727
-0.924579
-0.817092
0.0489481
0.869547
0.882896
0.0766022
-0.800805
-0.93478
-0.200945
0.719438
0.971926
0.322119
-0.626729
-0.993749
-0.438215
0.524139
0.999905
0.547403
-0.413285
-0.990296
-0.647959
0.295915
0.965075
0.738301
-0.17388
-0.924638
-0.817002
0.0491038
0.869624
0.882822
0.0764468
-0.800899
-0.934724
-0.200792
0.719547
0.971889
0.321972
-0.626851
-0.993732
-0.438075
0.524271
0.999907
0.547272
-0.413427
-0.990318
-0.647841
0.296064
0.965116
0.738196
-0.174034
-0.924698
-0.816912
0.0492594
0.869701
0.882749
0.0762914
-0.800992
-0.934669
-0.200639
0.719655
0.971853
0.321824
-0.626972
-0.993714
-0.437935
0.524404
0.999909
0.547142
-0.413569
-0.99034
-0.647722
0.296213
0.965157
0.73809
-0.174187
-0.924757
-0.816822
0.0494151
0.869777
0.882676
0.076136
-0.801085
-0.934613
-0.200487
0.719763
0.971816
0.321677
-0.627093
-0.993697
-0.437795
0.524537
0.999911
0.547011
-0.413711
-0.990361
-0.647603
0.296362
0.965197
0.737985
-0.174341
-0.924816
-0.816732
0.0495708
0.869854
0.882603
0.0759806
-0.801178
-0.934558
-0.200334
0.719871
0.971779
0.321529
-0.627215
-0.993679
-0.437655
0.52467
0.999913
0.546881
-0.413853
-0.990383
-0.647484
0.296511
0.965238
0.73788
-0.174494
-0.924875
-0.816642
0.0497264
0.869931
0.882529
0.0758252
-0.801272
-0.934503
-0.200181
0.71998
0.971742
0.321382
-0.627336
-0.993662
-0.437515
0.524802
0.999916
0.54675
-0.413994
-0.990404
-0.647366
0.29666
0.965279
0.737775
-0.174648
-0.924935
-0.816552
0.0498821
0.870008
0.882456
0.0756698
-0.801365
-0.934447
-0.200029
0.720088
0.971706
0.321234
-0.627458
-0.993644
-0.437375
0.524935
0.999918
0.54662
-0.414136
-0.990426
-0.647247
0.296808
0.96532
0.73767
-0.174801
-0.924994
-0.816462
0.0500377
0.870085
0.882383
0.0755144
-0.801458
-0.934392
-0.199876
0.720196
0.971669
0.321086
-0.627579
-0.993627
-0.437235
0.525068
0.99992
0.546489
-0.414278
-0.990448
-0.647128
0.296957
0.96536
0.737564
-0.174954
-0.925053
-0.816372
0.0501934
0.870162
0.882309
0.075359
-0.801551
-0.934336
-0.199723
0.720304
0.971632
0.320939
-0.6277
-0.993609
-0.437094
0.5252
0.999921
0.546359
-0.41442
-0.990469
-0.647009
0.297106
0.965401
0.737459
-0.175108
-0.925112
-0.816282
0.0503491
0.870238
0.882236
0.0752036
-0.801645
-0.93428
-0.199571
0.720412
0.971595
0.320791
-0.627822
-0.993592
-0.436954
0.525333
0.999923
0.546228
-0.414562
-0.99049
-0.64689
0.297255
0.965441
0.737354
-0.175261
-0.925171
-0.816192
0.0505047
0.870315
0.882163
0.0750482
-0.801738
-0.934225
-0.199418
0.72052
0.971558
0.320644
-0.627943
-0.993574
-0.436814
0.525465
0.999925
0.546098
-0.414704
-0.990512
-0.646772
0.297404
0.965482
0.737249
-0.175415
-0.925231
-0.816102
0.0506604
0.870392
0.882089
0.0748927
-0.801831
-0.934169
-0.199265
0.720628
0.971521
0.320496
-0.628064
-0.993556
-0.436674
0.525598
0.999927
0.545967
-0.414845
-0.990533
-0.646653
0.297552
0.965523
0.737143
-0.175568
-0.92529
-0.816012
0.050816
0.870469
0.882016
0.0747373
-0.801924
-0.934114
-0.199112
0.720736
0.971484
0.320348
-0.628185
-0.993539
-0.436534
0.525731
0.999929
0.545836
-0.414987
-0.990555
-0.646534
0.297701
0.965563
0.737038
-0.175722
-0.925349
-0.815922
0.0509717
0.870545
0.881942
0.0745819
-0.802017
-0.934058
-0.19896
0.720844
0.971447
0.320201
-0.628307
-0.993521
-0.436393
0.525863
0.999931
0.545706
-0.415129
-0.990576
-0.646415
0.29785
0.965604
0.736933
-0.175875
-0.925408
-0.815832
0.0511273
0.870622
0.881869
0.0744265
-0.80211
-0.934002
-0.198807
0.720952
0.97141
0.320053
-0.628428
-0.993503
-0.436253
0.525996
0.999933
0.545575
-0.415271
-0.990597
-0.646296
0.297999
0.965644
0.736827
-0.176029
-0.925467
-0.815742
0.051283
0.870699
0.881795
0.0742711
-0.802203
-0.933947
-0.198654
0.72106
0.971373
0.319905
-0.628549
-0.993486
-0.436113
0.526128
0.999935
0.545445
-0.415413
-0.990619
-0.646177
0.298148
0.965685
0.736722
-0.176182
-0.925526
-0.815652
0.0514386
0.870775
0.881722
0.0741156
-0.802296
-0.933891
-0.198501
0.721168
0.971336
0.319758
-0.62867
-0.993468
-0.435973
0.526261
0.999936
0.545314
-0.415554
-0.99064
-0.646058
0.298296
0.965725
0.736616
-0.176335
-0.925585
-0.815561
0.0515943
0.870852
0.881648
0.0739602
-0.802389
-0.933835
-0.198349
0.721276
0.971299
0.31961
-0.628792
-0.99345
-0.435832
0.526393
0.999938
0.545183
-0.415696
-0.990661
-0.645939
0.298445
0.965766
0.736511
-0.176489
-0.925644
-0.815471
0.0517499
0.870929
0.881575
0.0738048
-0.802482
-0.933779
-0.198196
0.721384
0.971262
0.319462
-0.628913
-0.993432
-0.435692
0.526526
0.99994
0.545053
-0.415838
-0.990682
-0.64582
0.298594
0.965806
0.736406
-0.176642
-0.925703
-0.815381
0.0519056
0.871005
0.881501
0.0736493
-0.802575
-0.933724
-0.198043
0.721492
0.971225
0.319315
-0.629034
-0.993414
-0.435552
0.526658
0.999942
0.544922
-0.41598
-0.990704
-0.645701
0.298743
0.965847
0.7363
-0.176796
-0.925762
-0.815291
0.0520612
0.871082
0.881428
0.0734939
-0.802668
-0.933668
-0.19789
0.7216
0.971188
0.319167
-0.629155
-0.993396
-0.435411
0.526791
0.999943
0.544791
-0.416121
-0.990725
-0.645582
0.298891
0.965887
0.736195
-0.176949
-0.925821
-0.8152
0.0522169
0.871158
0.881354
0.0733385
-0.802761
-0.933612
-0.197738
0.721708
0.971151
0.319019
-0.629276
-0.993379
-0.435271
0.526923
0.999945
0.544661
-0.416263
-0.990746
-0.645463
0.29904
0.965927
0.736089
-0.177102
-0.92588
-0.81511
0.0523725
0.871235
0.88128
0.073183
-0.802854
-0.933556
-0.197585
0.721816
0.971114
0.318871
-0.629397
-0.993361
-0.435131
0.527056
0.999946
0.54453
-0.416405
-0.990767
-0.645344
0.299189
0.965968
0.735984
-0.177256
-0.925939
-0.81502
0.0525282
0.871311
0.881207
0.0730276
-0.802947
-0.9335
-0.197432
0.721924
0.971076
0.318724
-0.629518
-0.993343
-0.43499
0.527188
0.999948
0.544399
-0.416546
-0.990788
-0.645225
0.299337
0.966008
0.735878
-0.177409
-0.925997
-0.81493
0.0526838
0.871388
0.881133
0.0728721
-0.80304
-0.933444
-0.197279
0.722031
0.971039
0.318576
-0.629639
-0.993325
-0.43485
0.527321
0.99995
0.544268
-0.416688
-0.990809
-0.645106
0.299486
0.966048
0.735773
-0.177563
-0.926056
-0.814839
0.0528394
0.871464
0.881059
0.0727167
-0.803133
-0.933388
-0.197126
0.722139
0.971002
0.318428
-0.629761
-0.993307
-0.43471
0.527453
0.999951
0.544138
-0.41683
-0.99083
-0.644987
0.299635
0.966088
0.735667
-0.177716
-0.926115
-0.814749
0.0529951
0.871541
0.880985
0.0725613
-0.803226
-0.933332
-0.196974
0.722247
0.970965
0.31828
-0.629882
-0.993289
-0.434569
0.527585
0.999953
0.544007
-0.416971
-0.990852
-0.644868
0.299784
0.966129
0.735561
-0.177869
-0.926174
-0.814659
0.0531507
0.871617
0.880912
0.0724058
-0.803319
-0.933277
-0.196821
0.722355
0.970927
0.318133
-0.630003
-0.993271
-0.434429
0.527718
0.999954
0.543876
-0.417113
-0.990873
-0.644749
0.299932
0.966169
0.735456
-0.178023
-0.926233
-0.814568
0.0533064
0.871693
0.880838
0.0722504
-0.803411
-0.933221
-0.196668
0.722463
0.97089
0.317985
-0.630124
-0.993253
-0.434289
0.52785
0.999956
0.543745
-0.417255
-0.990894
-0.644629
0.300081
0.966209
0.73535
-0.178176
-0.926291
-0.814478
0.053462
0.87177
0.880764
0.0720949
-0.803504
-0.933165
-0.196515
0.72257
0.970853
0.317837
-0.630245
-0.993235
-0.434148
0.527983
0.999957
0.543615
-0.417396
-0.990915
-0.64451
0.30023
0.966249
0.735245
-0.178329
-0.92635
-0.814387
0.0536176
0.871846
0.88069
0.0719395
-0.803597
-0.933108
-0.196362
0.722678
0.970815
0.317689
-0.630366
-0.993216
-0.434008
0.528115
0.999959
0.543484
-0.417538
-0.990935
-0.644391
0.300378
0.966289
0.735139
-0.178483
-0.926409
-0.814297
0.0537733
0.871923
0.880616
0.071784
-0.80369
-0.933052
-0.19621
0.722786
0.970778
0.317542
-0.630487
-0.993198
-0.433867
0.528247
0.99996
0.543353
-0.41768
-0.990956
-0.644272
0.300527
0.966329
0.735033
-0.178636
-0.926467
-0.814206
0.0539289
0.871999
0.880543
0.0716286
-0.803782
-0.932996
-0.196057
0.722894
0.970741
0.317394
-0.630608
-0.99318
-0.433727
0.52838
0.999961
0.543222
-0.417821
-0.990977
-0.644153
0.300676
0.96637
0.734928
-0.178789
-0.926526
-0.814116
0.0540845
0.872075
0.880469
0.0714731
-0.803875
-0.93294
-0.195904
0.723001
0.970703
0.317246
-0.630729
-0.993162
-0.433587
0.528512
0.999963
0.543091
-0.417963
-0.990998
-0.644033
0.300824
0.96641
0.734822
-0.178943
-0.926585
-0.814025
0.0542401
0.872151
0.880395
0.0713176
-0.803968
-0.932884
-0.195751
0.723109
0.970666
0.317098
-0.63085
-0.993144
-0.433446
0.528644
0.999964
0.54296
-0.418104
-0.991019
-0.643914
0.300973
0.96645
0.734716
-0.179096
-0.926643
-0.813935
0.0543958
0.872228
0.880321
0.0711622
-0.80406
-0.932828
-0.195598
0.723217
0.970628
0.31695
-0.63097
-0.993126
-0.433306
0.528777
0.999965
0.542829
-0.418246
-0.99104
-0.643795
0.301121
0.96649
0.73461
-0.179249
-0.926702
-0.813844
0.0545514
0.872304
0.880247
0.0710067
-0.804153
-0.932772
-0.195445
0.723324
0.970591
0.316803
-0.631091
-0.993107
-0.433165
0.528909
0.999967
0.542698
-0.418388
-0.991061
-0.643676
0.30127
0.96653
0.734505
-0.179403
-0.92676
-0.813754
0.054707
0.87238
0.880173
0.0708513
-0.804246
-0.932716
-0.195292
0.723432
0.970553
0.316655
-0.631212
-0.993089
-0.433025
0.529041
0.999968
0.542568
-0.418529
-0.991081
-0.643556
0.301419
0.96657
0.734399
-0.179556
-0.926819
-0.813663
0.0548626
0.872456
0.880099
0.0706958
-0.804338
-0.932659
-0.19514
0.723539
0.970516
0.316507
-0.631333
-0.993071
-0.432884
0.529173
0.999969
0.542437
-0.418671
-0.991102
-0.643437
0.301567
0.96661
0.734293
-0.179709
-0.926878
-0.813572
0.0550183
0.872532
0.880025
0.0705403
-0.804431
-0.932603
-0.194987
0.723647
0.970478
0.316359
-0.631454
-0.993052
-0.432744
0.529306
0.99997
0.542306
-0.418812
-0.991123
-0.643318
0.301716
0.96665
0.734187
-0.179863
-0.926936
-0.813482
0.0551739
0.872608
0.879951
0.0703849
-0.804524
-0.932547
-0.194834
0.723755
0.97044
0.316211
-0.631575
-0.993034
-0.432603
0.529438
0.999972
0.542175
-0.418954
-0.991144
-0.643198
0.301864
0.966689
0.734082
-0.180016
-0.926994
-0.813391
0.0553295
0.872685
0.879877
0.0702294
-0.804616
-0.932491
-0.194681
0.723862
0.970403
0.316063
-0.631696
-0.993016
-0.432463
0.52957
0.999973
0.542044
-0.419095
-0.991164
-0.643079
0.302013
0.966729
0.733976
-0.180169
-0.927053
-0.8133
0.0554851
0.872761
0.879803
0.0700739
-0.804709
-0.932434
-0.194528
0.72397
0.970365
0.315915
-0.631816
-0.992997
-0.432322
0.529702
0.999974
0.541913
-0.419237
-0.991185
-0.64296
0.302162
0.966769
0.73387
-0.180323
-0.927111
-0.81321
0.0556407
0.872837
0.879729
0.0699184
-0.804801
-0.932378
-0.194375
0.724077
0.970327
0.315768
-0.631937
-0.992979
-0.432182
0.529834
0.999975
0.541782
-0.419378
-0.991206
-0.64284
0.30231
0.966809
0.733764
-0.180476
-0.92717
-0.813119
0.0557963
0.872913
0.879655
0.069763
-0.804894
-0.932322
-0.194222
0.724185
0.97029
0.31562
-0.632058
-0.99296
-0.432041
0.529967
0.999976
0.541651
-0.41952
-0.991226
-0.642721
0.302459
0.966849
0.733658
-0.180629
-0.927228
-0.813028
0.055952
0.872989
0.87958
0.0696075
-0.804986
-0.932265
-0.194069
0.724292
0.970252
0.315472
-0.632179
-0.992942
-0.4319
0.530099
0.999977
0.54152
-0.419661
-0.991247
-0.642602
0.302607
0.966889
0.733552
-0.180783
-0.927286
-0.812938
0.0561076
0.873065
0.879506
0.069452
-0.805079
-0.932209
-0.193917
0.724399
0.970214
0.315324
-0.6323
-0.992923
-0.43176
0.530231
0.999978
0.541389
-0.419803
-0.991267
-0.642482
0.302756
0.966928
0.733446
-0.180936
-0.927345
-0.812847
0.0562632
0.873141
0.879432
0.0692965
-0.805171
-0.932152
-0.193764
0.724507
0.970177
0.315176
-0.63242
-0.992905
-0.431619
0.530363
0.999979
0.541258
-0.419944
-0.991288
-0.642363
0.302904
0.966968
0.73334
-0.181089
-0.927403
-0.812756
0.0564188
0.873217
0.879358
0.069141
-0.805263
-0.932096
-0.193611
0.724614
0.970139
0.315028
-0.632541
-0.992886
-0.431479
0.530495
0.99998
0.541127
-0.420086
-0.991308
-0.642243
0.303053
0.967008
0.733234
-0.181242
-0.927461
-0.812665
0.0565744
0.873293
0.879284
0.0689856
-0.805356
-0.93204
-0.193458
0.724722
0.970101
0.31488
-0.632662
-0.992868
-0.431338
0.530627
0.999981
0.540996
-0.420227
-0.991329
-0.642124
0.303201
0.967047
0.733128
-0.181396
-0.92752
-0.812574
0.05673
0.873369
0.879209
0.0688301
-0.805448
-0.931983
-0.193305
0.724829
0.970063
0.314732
-0.632782
-0.992849
-0.431197
0.530759
0.999982
0.540864
-0.420368
-0.991349
-0.642004
0.30335
0.967087
0.733022
-0.181549
-0.927578
-0.812484
0.0568856
0.873445
0.879135
0.0686746
-0.805541
-0.931927
-0.193152
0.724936
0.970025
0.314584
-0.632903
-0.992831
-0.431057
0.530891
0.999983
0.540733
-0.42051
-0.99137
-0.641885
0.303498
0.967127
0.732916
-0.181702
-0.927636
-0.812393
0.0570412
0.87352
0.879061
0.0685191
-0.805633
-0.93187
-0.192999
0.725044
0.969987
0.314436
-0.633024
-0.992812
-0.430916
0.531024
0.999984
0.540602
-0.420651
-0.99139
-0.641765
0.303647
0.967166
0.73281
-0.181855
-0.927694
-0.812302
0.0571968
0.873596
0.878987
0.0683636
-0.805725
-0.931813
-0.192846
0.725151
0.969949
0.314288
-0.633144
-0.992793
-0.430776
0.531156
0.999985
0.540471
-0.420793
-0.991411
-0.641646
0.303795
0.967206
0.732704
-0.182009
-0.927753
-0.812211
0.0573524
0.873672
0.878912
0.0682081
-0.805818
-0.931757
-0.192693
0.725258
0.969911
0.31414
-0.633265
-0.992775
-0.430635
0.531288
0.999986
0.54034
-0.420934
-0.991431
-0.641526
0.303944
0.967246
0.732598
-0.182162
-0.927811
-0.81212
0.057508
0.873748
0.878838
0.0680526
-0.80591
-0.9317
-0.19254
0.725366
0.969874
0.313992
-0.633386
-0.992756
-0.430494
0.53142
0.999986
0.540209
-0.421075
-0.991451
-0.641407
0.304092
0.967285
0.732492
-0.182315
-0.927869
-0.812029
0.0576636
0.873824
0.878764
0.0678971
-0.806002
-0.931644
-0.192387
0.725473
0.969836
0.313844
-0.633506
-0.992737
-0.430354
0.531552
0.999987
0.540078
-0.421217
-0.991472
-0.641287
0.304241
0.967325
0.732386
-0.182468
-0.927927
-0.811938
0.0578192
0.8739
0.878689
0.0677416
-0.806094
-0.931587
-0.192234
0.72558
0.969798
0.313696
-0.633627
-0.992718
-0.430213
0.531684
0.999988
0.539947
-0.421358
-0.991492
-0.641167
0.304389
0.967364
0.73228
-0.182622
-0.927985
-0.811847
0.0579748
0.873975
0.878615
0.0675861
-0.806187
-0.93153
-0.192081
0.725688
0.96976
0.313549
-0.633747
-0.9927
-0.430072
0.531816
0.999989
0.539815
-0.421499
-0.991512
-0.641048
0.304538
0.967404
0.732174
-0.182775
-0.928043
-0.811756
0.0581304
0.874051
0.87854
0.0674306
-0.806279
-0.931474
-0.191929
0.725795
0.969721
0.313401
-0.633868
-0.992681
-0.429931
0.531948
0.99999
0.539684
-0.421641
-0.991533
-0.640928
0.304686
0.967443
0.732067
-0.182928
-0.928101
-0.811665
0.058286
0.874127
0.878466
0.0672751
-0.806371
-0.931417
-0.191776
0.725902
0.969683
0.313252
-0.633989
-0.992662
-0.429791
0.53208
0.99999
0.539553
-0.421782
-0.991553
-0.640809
0.304835
0.967483
0.731961
-0.183081
-0.928159
-0.811574
0.0584416
0.874202
0.878391
0.0671196
-0.806463
-0.93136
-0.191623
0.726009
0.969645
0.313104
-0.634109
-0.992643
-0.42965
0.532212
0.999991
0.539422
-0.421923
-0.991573
-0.640689
0.304983
0.967522
0.731855
-0.183235
-0.928217
-0.811483
0.0585972
0.874278
0.878317
0.0669641
-0.806555
-0.931303
-0.19147
0.726116
0.969607
0.312956
-0.63423
-0.992624
-0.429509
0.532344
0.999992
0.53929
-0.422065
-0.991593
-0.640569
0.305132
0.967561
0.731749
-0.183388
-0.928275
-0.811392
0.0587527
0.874354
0.878242
0.0668086
-0.806647
-0.931247
-0.191317
0.726224
0.969569
0.312808
-0.63435
-0.992605
-0.429368
0.532476
0.999992
0.539159
-0.422206
-0.991613
-0.64045
0.30528
0.967601
0.731643
-0.183541
-0.928333
-0.811301
0.0589083
0.874429
0.878168
0.0666531
-0.806739
-0.93119
-0.191164
0.726331
0.969531
0.31266
-0.634471
-0.992586
-0.429228
0.532607
0.999993
0.539028
-0.422347
-0.991633
-0.64033
0.305428
0.96764
0.731536
-0.183694
-0.928391
-0.81121
0.0590639
0.874505
0.878093
0.0664976
-0.806832
-0.931133
-0.191011
0.726438
0.969493
0.312512
-0.634591
-0.992567
-0.429087
0.532739
0.999993
0.538897
-0.422489
-0.991654
-0.64021
0.305577
0.967679
0.73143
-0.183847
-0.928449
-0.811118
0.0592195
0.874581
0.878019
0.0663421
-0.806924
-0.931076
-0.190858
0.726545
0.969454
0.312364
-0.634711
-0.992548
-0.428946
0.532871
0.999994
0.538765
-0.42263
-0.991674
-0.64009
0.305725
0.967719
0.731324
-0.184001
-0.928507
-0.811027
0.0593751
0.874656
0.877944
0.0661866
-0.807016
-0.931019
-0.190705
0.726652
0.969416
0.312216
-0.634832
-0.992529
-0.428805
0.533003
0.999994
0.538634
-0.422771
-0.991694
-0.639971
0.305874
0.967758
0.731217
-0.184154
-0.928565
-0.810936
0.0595307
0.874732
0.877869
0.066031
-0.807108
-0.930962
-0.190552
0.726759
0.969378
0.312068
-0.634952
-0.99251
-0.428665
0.533135
0.999995
0.538503
-0.422912
-0.991714
-0.639851
0.306022
0.967797
0.731111
-0.184307
-0.928622
-0.810845
0.0596862
0.874807
0.877795
0.0658755
-0.8072
-0.930906
-0.190399
0.726866
0.96934
0.31192
-0.635073
-0.992491
-0.428524
0.533267
0.999995
0.538371
-0.423054
-0.991734
-0.639731
0.30617
0.967836
0.731005
-0.18446
-0.92868
-0.810754
0.0598418
0.874883
0.87772
0.06572
-0.807292
-0.930849
-0.190246
0.726973
0.969301
0.311772
-0.635193
-0.992472
-0.428383
0.533399
0.999996
0.53824
-0.423195
-0.991754
-0.639611
0.306319
0.967876
0.730898
-0.184613
-0.928738
-0.810662
0.0599974
0.874958
0.877645
0.0655645
-0.807384
-0.930792
-0.190093
0.72708
0.969263
0.311624
-0.635313
-0.992453
-0.428242
0.53353
0.999996
0.538109
-0.423336
-0.991774
-0.639491
0.306467
0.967915
0.730792
-0.184767
-0.928796
-0.810571
0.060153
0.875034
0.877571
0.065409
-0.807476
-0.930735
-0.18994
0.727187
0.969225
0.311476
-0.635434
-0.992434
-0.428101
0.533662
0.999997
0.537977
-0.423477
-0.991794
-0.639372
0.306615
0.967954
0.730686
-0.18492
-0.928854
-0.81048
0.0603085
0.875109
0.877496
0.0652534
-0.807568
-0.930678
-0.189787
0.727294
0.969186
0.311328
-0.635554
-0.992415
-0.42796
0.533794
0.999997
0.537846
-0.423618
-0.991814
-0.639252
0.306764
0.967993
0.730579
-0.185073
-0.928911
-0.810388
0.0604641
0.875184
0.877421
0.0650979
-0.807659
-0.930621
-0.189634
0.727401
0.969148
0.31118
-0.635674
-0.992396
-0.42782
0.533926
0.999997
0.537714
-0.423759
-0.991833
-0.639132
0.306912
0.968032
0.730473
-0.185226
-0.928969
-0.810297
0.0606197
0.87526
0.877346
0.0649424
-0.807751
-0.930564
-0.189481
0.727508
0.969109
0.311031
-0.635795
-0.992377
-0.427679
0.534058
0.999998
0.537583
-0.423901
-0.991853
-0.639012
0.30706
0.968071
0.730366
-0.185379
-0.929027
-0.810206
0.0607753
0.875335
0.877272
0.0647869
-0.807843
-0.930506
-0.189328
0.727615
0.969071
0.310883
-0.635915
-0.992357
-0.427538
0.534189
0.999998
0.537452
-0.424042
-0.991873
-0.638892
0.307209
0.96811
0.73026
-0.185532
-0.929084
-0.810114
0.0609308
0.875411
0.877197
0.0646313
-0.807935
-0.930449
-0.189175
0.727722
0.969033
0.310735
-0.636035
-0.992338
-0.427397
0.534321
0.999998
0.53732
-0.424183
-0.991893
-0.638772
0.307357
0.968149
0.730153
-0.185685
-0.929142
-0.810023
0.0610864
0.875486
0.877122
0.0644758
-0.808027
-0.930392
-0.189021
0.727829
0.968994
0.310587
-0.636156
-0.992319
-0.427256
0.534453
0.999999
0.537189
-0.424324
-0.991913
-0.638652
0.307505
0.968188
0.730047
-0.185839
-0.9292
-0.809932
0.061242
0.875561
0.877047
0.0643203
-0.808119
-0.930335
-0.188868
0.727936
0.968956
0.310439
-0.636276
-0.992299
-0.427115
0.534585
0.999999
0.537057
-0.424465
-0.991932
-0.638532
0.307654
0.968227
0.72994
-0.185992
-0.929257
-0.80984
0.0613975
0.875636
0.876972
0.0641647
-0.808211
-0.930278
-0.188715
0.728042
0.968917
0.310291
-0.636396
-0.99228
-0.426974
0.534716
0.999999
0.536926
-0.424606
-0.991952
-0.638412
0.307802
0.968266
0.729834
-0.186145
-0.929315
-0.809749
0.0615531
0.875712
0.876897
0.0640092
-0.808302
-0.930221
-0.188562
0.728149
0.968878
0.310143
-0.636516
-0.992261
-0.426833
0.534848
0.999999
0.536794
-0.424747
-0.991972
-0.638292
0.30795
0.968305
0.729727
-0.186298
-0.929372
-0.809657
0.0617086
0.875787
0.876822
0.0638537
-0.808394
-0.930164
-0.188409
0.728256
0.96884
0.309994
-0.636636
-0.992241
-0.426692
0.53498
1
0.536663
-0.424889
-0.991992
-0.638172
0.308099
0.968344
0.729621
-0.186451
-0.92943
-0.809566
0.0618642
0.875862
0.876747
0.0636981
-0.808486
-0.930106
-0.188256
0.728363
0.968801
0.309846
-0.636757
-0.992222
-0.426551
0.535111
1
0.536531
-0.42503
-0.992011
-0.638052
0.308247
0.968383
0.729514
-0.186604
-0.929487
-0.809474
0.0620198
0.875937
0.876672
0.0635426
-0.808577
-0.930049
-0.188103
0.72847
0.968763
0.309698
-0.636877
-0.992203
-0.42641
0.535243
1
0.5364
-0.425171
-0.992031
-0.637932
0.308395
0.968422
0.729408
-0.186757
-0.929545
-0.809383
0.0621753
0.876013
0.876597
0.063387
-0.808669
-0.929992
-0.18795
0.728576
0.968724
0.30955
-0.636997
-0.992183
-0.426269
0.535375
1
0.536268
-0.425312
-0.992051
-0.637812
0.308543
0.968461
0.729301
-0.186911
-0.929602
-0.809291
0.0623309
0.876088
0.876522
0.0632315
-0.808761
-0.929934
-0.187797
0.728683
0.968685
0.309402
-0.637117
-0.992164
-0.426128
0.535506
1
0.536137
-0.425453
-0.99207
-0.637692
0.308692
0.9685
0.729194
-0.187064
-0.92966
-0.8092
0.0624864
0.876163
0.876447
0.063076
-0.808853
-0.929877
-0.187644
0.72879
0.968647
0.309253
-0.637237
-0.992144
-0.425987
0.535638
1
0.536005
-0.425594
-0.99209
-0.637572
0.30884
0.968538
0.729088
-0.187217
-0.929717
-0.809108
0.062642
0.876238
0.876372
0.0629204
-0.808944
-0.92982
-0.187491
0.728897
0.968608
0.309105
-0.637357
-0.992125
-0.425846
0.53577
1
0.535874
-0.425735
-0.992109
-0.637452
0.308988
0.968577
0.728981
-0.18737
-0.929774
-0.809017
0.0627975
0.876313
0.876297
0.0627649
-0.809036
-0.929762
-0.187338
0.729003
0.968569
0.308957
-0.637477
-0.992105
-0.425705
0.535901
1
0.535742
-0.425876
-0.992129
-0.637332
0.309136
0.968616
0.728874
-0.187523
-0.929832
-0.808925
0.0629531
0.876388
0.876222
0.0626093
-0.809127
-0.929705
-0.187185
0.72911
0.96853
0.308809
-0.637598
-0.992086
-0.425564
0.536033
1
0.53561
-0.426017
-0.992148
-0.637212
0.309285
0.968655
0.728767
-0.187676
-0.929889
-0.808833
0.0631086
0.876463
0.876147
0.0624538
-0.809219
-0.929648
-0.187031
0.729217
0.968491
0.30866
-0.637718
-0.992066
-0.425423
0.536164
1
0.535479
-0.426158
-0.992168
-0.637092
0.309433
0.968693
0.728661
-0.187829
-0.929947
-0.808742
0.0632642
0.876538
0.876072
0.0622982
-0.809311
-0.92959
-0.186878
0.729323
0.968453
0.308512
-0.637838
-0.992046
-0.425282
0.536296
1
0.535347
-0.426299
-0.992187
-0.636972
0.309581
0.968732
0.728554
-0.187982
-0.930004
-0.80865
0.0634197
0.876613
0.875997
0.0621426
-0.809402
-0.929533
-0.186725
0.72943
0.968414
0.308364
-0.637958
-0.992027
-0.425141
0.536427
1
0.535215
-0.42644
-0.992207
-0.636852
0.309729
0.968771
0.728447
-0.188135
-0.930061
-0.808558
0.0635752
0.876688
0.875922
0.0619871
-0.809494
-0.929475
-0.186572
0.729537
0.968375
0.308216
-0.638078
-0.992007
-0.425
0.536559
1
0.535084
-0.426581
-0.992226
-0.636731
0.309877
0.968809
0.72834
-0.188288
-0.930118
-0.808467
0.0637308
0.876763
0.875846
0.0618315
-0.809585
-0.929418
-0.186419
0.729643
0.968336
0.308067
-0.638198
-0.991988
-0.424859
0.53669
0.999999
0.534952
-0.426722
-0.992246
-0.636611
0.310026
0.968848
0.728234
-0.188441
-0.930176
-0.808375
0.0638863
0.876838
0.875771
0.061676
-0.809677
-0.92936
-0.186266
0.72975
0.968297
0.307919
-0.638318
-0.991968
-0.424718
0.536822
0.999999
0.53482
-0.426863
-0.992265
-0.636491
0.310174
0.968887
0.728127
-0.188594
-0.930233
-0.808283
0.0640419
0.876913
0.875696
0.0615204
-0.809768
-0.929303
-0.186113
0.729856
0.968258
0.307771
-0.638438
-0.991948
-0.424577
0.536953
0.999999
0.534689
-0.427004
-0.992284
-0.636371
0.310322
0.968925
0.72802
-0.188748
-0.93029
-0.808191
0.0641974
0.876988
0.875621
0.0613649
-0.809859
-0.929245
-0.18596
0.729963
0.968219
0.307623
-0.638558
-0.991928
-0.424436
0.537085
0.999999
0.534557
-0.427145
-0.992304
-0.636251
0.31047
0.968964
0.727913
-0.188901
-0.930347
-0.808099
0.0643529
0.877063
0.875545
0.0612093
-0.809951
-0.929187
-0.185806
0.730069
0.96818
0.307474
-0.638677
-0.991909
-0.424294
0.537216
0.999999
0.534425
-0.427286
-0.992323
-0.63613
0.310618
0.969002
0.727806
-0.189054
-0.930404
-0.808008
0.0645085
0.877138
0.87547
0.0610537
-0.810042
-0.92913
-0.185653
0.730176
0.968141
0.307326
-0.638797
-0.991889
-0.424153
0.537348
0.999998
0.534294
-0.427426
-0.992342
-0.63601
0.310766
0.969041
0.727699
-0.189207
-0.930461
-0.807916
0.064664
0.877213
0.875395
0.0608982
-0.810134
-0.929072
-0.1855
0.730282
0.968102
0.307178
-0.638917
-0.991869
-0.424012
0.537479
0.999998
0.534162
-0.427567
-0.992361
-0.63589
0.310914
0.969079
0.727592
-0.18936
-0.930518
-0.807824
0.0648195
0.877287
0.875319
0.0607426
-0.810225
-0.929015
-0.185347
0.730389
0.968063
0.307029
-0.639037
-0.991849
-0.423871
0.537611
0.999998
0.53403
-0.427708
-0.992381
-0.635769
0.311063
0.969118
0.727486
-0.189513
-0.930576
-0.807732
0.064975
0.877362
0.875244
0.060587
-0.810316
-0.928957
-0.185194
0.730495
0.968024
0.306881
-0.639157
-0.991829
-0.42373
0.537742
0.999997
0.533898
-0.427849
-0.9924
-0.635649
0.311211
0.969156
0.727379
-0.189666
-0.930633
-0.80764
0.0651306
0.877437
0.875169
0.0604315
-0.810408
-0.928899
-0.185041
0.730602
0.967985
