-0.000158644
-0.00129605
0.0134439
0.0127167
-0.00481645
-0.00353378
0.021823
-0.00298498
-0.0230032
-0.00840116
0.00579816
-0.0250128
-0.0761562
-0.048693
-0.00581297
-0.0328853
-0.0749003
0.066007
0.297784
0.273196
-0.0307723
-0.212319
-0.106481
-0.0037143
-0.162038
-0.278454
-0.0550676
0.304894
0.355838
0.0842742
-0.17789
-0.217872
-0.0525413
0.1304
0.214846
0.108457
-0.127734
-0.278625
-0.177851
0.094129
0.246402
0.153199
-0.0665762
-0.200146
-0.168291
0.0546971
0.276665
0.272702
-0.0100813
-0.289356
-0.285001
-0.0498882
0.0136442
-0.146365
-0.0937644
0.26034
0.401987
0.142601
-0.0560039
0.0813026
0.139659
-0.174517
-0.449564
-0.243744
0.0201142
-0.0951097
-0.205908
0.0951602
0.424959
0.295367
0.013955
0.0826368
0.236487
0.0151823
-0.362838
-0.323617
-0.0521904
-0.0633845
-0.265087
-0.117694
0.263178
0.332702
0.0916995
-0.000463826
0.173766
0.164527
-0.168231
-0.403837
-0.247241
0.139333
0.363223
0.229988
-0.0529497
-0.122372
0.00371575
-0.018028
-0.250976
-0.315372
-0.0176823
0.259071
0.153576
0.0128826
0.149945
0.300435
0.111646
-0.274993
-0.395756
-0.140288
0.12461
0.171269
0.0598146
-0.120827
-0.26987
-0.178694
0.13596
0.334405
0.196835
-0.0466872
-0.0530542
0.0531175
-0.0224847
-0.264853
-0.299043
-0.00546989
0.296628
0.293571
0.0316713
-0.160072
-0.172104
-0.0376578
0.176857
0.312646
0.126767
-0.221038
-0.306719
-0.100518
0.00254477
-0.137132
-0.170289
0.129396
0.3759
0.231119
-0.0187283
0.00733632
0.133392
-0.0330538
-0.350668
-0.359941
-0.0123584
0.266263
0.234623
0.0149367
-0.163941
-0.195777
-0.0433429
0.171984
0.232573
0.0892067
-0.128052
-0.234714
-0.129798
0.171182
0.35461
0.217038
-0.102943
-0.184431
-0.01785
-0.0391277
-0.279524
-0.298632
0.0314153
0.256126
0.15391
0.0064576
0.124561
0.267755
0.0593911
-0.316792
-0.400807
-0.113318
0.242261
0.278848
0.089376
-0.0689381
-0.0377742
0.0402433
-0.0774259
-0.255089
-0.18385
0.122457
0.374601
0.281814
-0.104858
-0.33736
-0.198901
0.0179207
-0.00553397
-0.127489
0.00120312
0.303767
0.35052
0.0613185
-0.112089
-0.00817728
0.0459573
-0.192647
-0.379377
-0.160717
0.22412
0.384648
0.168203
-0.138504
-0.223427
-0.0986378
0.00945486
-0.0612331
-0.110782
0.0713539
0.296854
0.284777
-0.0432203
-0.351683
-0.328245
-0.00387566
0.226091
0.137039
0.00155078
0.125347
0.279848
0.122528
-0.262108
-0.309908
-0.0831345
-0.0758942
-0.256278
-0.195225
0.179814
0.346355
0.130047
0.0255701
0.192529
0.241759
-0.0879285
-0.378826
-0.303008
0.0121412
0.244352
0.187059
-0.0198162
-0.186929
-0.211025
-0.0285773
0.191167
0.217109
0.0592232
-0.175653
-0.273367
-0.101779
0.226933
0.358684
0.163958
-0.0845979
-0.0218206
0.0939399
-0.112468
-0.391301
-0.286373
0.042809
0.119412
-0.0486726
0.0324811
0.347809
0.357829
0.026589
-0.139237
-0.00590497
0.0212183
-0.218681
-0.339845
-0.125515
0.25787
0.38245
0.144529
-0.189828
-0.255865
-0.0776895
-0.00317696
-0.154443
-0.169102
0.118434
0.361615
0.224683
-0.0248236
-0.00148723
0.131663
-0.0366895
-0.369582
-0.367912
-0.0318956
0.256135
0.218521
0.00761322
-0.153628
-0.190755
-0.053902
0.223631
0.351345
0.123613
-0.173464
-0.194927
-0.0438114
-0.0447187
-0.19916
-0.194628
0.120311
0.374713
0.245406
-0.0692226
-0.25268
-0.174726
0.029098
0.211742
0.192412
-0.0159419
-0.19844
-0.213052
-0.0193482
0.197111
0.246422
0.0648343
-0.240444
-0.357033
-0.128246
0.113596
0.0322449
-0.0653778
0.14561
0.402477
0.262989
-0.0848615
-0.128733
0.0309535
-0.0813009
-0.403145
-0.373598
0.0053054
0.119325
-0.0487024
-0.00407266
0.331906
0.407452
0.0705791
-0.143819
-0.0125386
0.030423
-0.225261
-0.409297
-0.181315
0.203224
0.31229
0.121836
-0.106338
-0.198763
-0.103747
0.0988648
0.256437
0.18303
-0.0640684
-0.265055
-0.208852
0.0225087
0.227208
0.191465
0.00728611
-0.204546
-0.224498
-0.0236384
0.255004
0.340275
0.105857
-0.195069
-0.198076
-0.0251164
-0.0836396
-0.290849
-0.209299
0.15471
0.303901
0.10387
0.011493
0.180495
0.238155
-0.0725768
-0.38059
-0.29964
0.0282003
0.231512
0.170719
-0.0220662
-0.190237
-0.205427
-0.0318131
0.203431
0.253546
0.0651107
-0.20319
-0.252959
-0.0872398
0.123669
0.199124
0.109449
-0.13185
-0.295399
-0.186435
0.116924
0.312817
0.193767
-0.0403715
-0.0653166
0.0499192
-0.0261674
-0.274656
-0.314456
-0.017612
0.301277
0.293262
0.0295464
-0.15924
-0.155986
-0.0287781
0.190997
0.305714
0.150192
-0.215144
-0.325953
-0.0947561
0.0159232
-0.14467
-0.187456
0.133897
0.391858
0.239776
-0.00908476
0.0859208
0.198224
-0.0297062
-0.371963
-0.303067
-0.0275421
-0.014311
-0.158441
-0.0484738
0.290028
0.394709
0.11453
-0.263057
-0.353063
-0.107035
0.143262
0.136175
-0.00396438
0.0669547
0.267447
0.216836
-0.119735
-0.278863
-0.12712
-0.0210355
-0.161316
-0.240951
0.0228288
0.366862
0.352013
0.000574614
-0.32118
-0.290563
-0.0347581
0.114434
0.01363
-0.0431656
0.202064
0.378767
0.159697
-0.159005
-0.14498
0.00667696
-0.138023
-0.417617
-0.28728
0.0921284
0.151175
-0.0337726
0.0683564
0.376782
0.339739
-0.0251959
-0.175603
-0.0213886
8.23342e-05
-0.248606
-0.337532
-0.0540411
0.320528
0.374716
0.0952973
-0.218479
-0.263389
-0.0637818
-0.00741084
-0.146069
-0.146336
0.176923
0.408179
0.20721
-0.0176089
0.0847147
0.192289
-0.088249
-0.415917
-0.291859
-0.00961241
-0.0882975
-0.245761
-0.0233572
0.328294
0.322246
0.0344618
0.00676234
0.158469
0.0828932
-0.233737
-0.404728
-0.16476
0.216705
0.365019
0.156179
-0.131625
-0.152798
-0.00162275
-0.0529566
-0.295416
-0.274721
0.0716479
0.288118
0.12182
0.0224854
0.242662
0.340623
0.014931
-0.276162
-0.176345
-0.0109341
-0.130534
-0.292019
-0.121248
0.269335
0.399557
0.139178
-0.211814
-0.318253
-0.135749
0.0733267
0.0177396
-0.079517
0.106652
0.376677
0.302876
-0.0513987
-0.125823
0.0558084
-0.0269613
-0.381304
-0.3992
-0.040309
0.117545
-0.058104
-0.0204566
0.30271
0.394377
0.123425
-0.105472
-0.0125094
0.0583841
-0.16039
-0.386788
-0.20429
0.195435
0.376695
0.199447
-0.121006
-0.217783
-0.0956483
0.00575768
-0.0636352
-0.123276
0.0279432
0.287731
0.310913
0.00757398
-0.340292
-0.358189
-0.049152
0.21068
0.142678
0.00482479
0.0974251
0.276992
0.153081
-0.193962
-0.292877
-0.0969529
-0.00745972
-0.154926
-0.17667
0.120382
0.39315
0.292778
-0.0914579
-0.355598
-0.256212
0.0337459
0.135929
0.0185832
0.0199177
0.25389
0.357582
0.0626081
-0.215356
-0.147671
0.00548339
-0.198586
-0.407795
-0.182204
0.190244
0.152592
-0.0112873
0.145875
0.425339
0.283891
-0.103418
-0.182876
-0.0214568
-0.0530821
-0.318963
-0.32761
0.0422321
0.343425
0.262494
0.00301932
-0.154783
-0.169763
-0.00591416
0.204612
0.290586
0.0760803
-0.23612
-0.287964
-0.0806891
0.0363462
-0.0741795
-0.0927025
0.141397
0.360079
0.234146
-0.110562
-0.309471
-0.181082
0.0653097
0.220012
0.158066
-0.0390216
-0.224261
-0.207817
0.000560977
0.188868
0.206784
0.0284156
-0.247498
-0.33301
-0.0895755
0.20065
0.170952
0.0230496
0.0682421
0.28334
0.184614
-0.156685
-0.295062
-0.127956
-0.00255831
-0.156084
-0.20849
0.0750587
0.381624
0.314836
-0.0420909
-0.3437
-0.266305
0.00292231
0.12957
0.0161795
-0.00726087
0.225945
0.381626
0.129571
-0.198888
-0.141516
0.0236561
-0.171608
-0.430779
-0.249861
0.156851
0.161044
-0.0348376
0.115932
0.43033
0.335537
-0.0520682
-0.140868
0.0528845
-0.0402835
-0.403572
-0.405919
-0.024024
0.123245
-0.0558605
-0.0263555
0.340524
0.469253
0.130886
-0.085157
0.0789871
0.104934
-0.245018
-0.469082
-0.208879
0.0497248
-0.0829784
-0.173079
0.155049
0.454322
0.285108
-0.00583975
0.084222
0.228719
-0.0337881
-0.404278
-0.313669
-0.0266627
-0.0744357
-0.284689
-0.0757538
0.339139
0.358975
0.0721308
0.0616304
0.305439
0.185351
-0.243027
-0.338545
-0.0936627
-0.0452709
-0.278929
-0.248095
0.125735
0.321694
0.142739
0.0235658
0.152275
0.239001
-0.0273713
-0.352745
-0.355574
0.0110764
0.316333
0.294761
0.036655
-0.115635
-0.0175532
0.0348922
-0.206896
-0.373171
-0.16427
0.153372
0.136191
-0.0175752
0.143547
0.422451
0.284132
-0.11088
-0.160706
0.034726
-0.0933999
-0.404561
-0.380592
0.0131302
0.132648
-0.0606869
-0.0019362
0.368729
0.43696
0.0816563
-0.0933428
0.0810171
0.0714949
-0.280441
-0.446687
-0.153268
0.0627405
-0.0748338
-0.133081
0.183802
0.421472
0.228572
-0.0482179
-0.00689594
0.125978
-0.0696018
-0.394709
-0.3383
0.0311121
0.280313
0.209909
-0.00517326
-0.173515
-0.186231
-0.0178582
0.199508
0.246183
0.0568004
-0.18481
-0.242747
-0.0891373
0.155372
0.241735
0.106599
-0.137532
-0.248843
-0.129259
0.0904529
0.23536
0.165426
-0.0734408
-0.239887
-0.179024
0.0355553
0.220635
0.213151
-0.00574759
-0.231225
-0.223209
-0.0236704
0.202704
0.235187
0.0542907
-0.178682
-0.244081
-0.0744646
0.146042
0.230513
0.121907
-0.123473
-0.251943
-0.13699
0.0960078
0.237465
0.172165
-0.0738523
-0.243247
-0.184633
0.0284516
0.187446
0.174852
-0.00508421
-0.230193
-0.280999
-0.0340749
0.27202
0.306572
0.0721724
-0.0216422
0.150269
0.114543
-0.246921
-0.391307
-0.155051
0.0375005
-0.0942033
-0.148899
0.132107
0.404557
0.252512
-0.0125064
0.000211595
0.118548
-0.0362406
-0.329574
-0.359377
-0.0136685
0.329866
0.307771
0.0306772
-0.173344
-0.124841
-0.0137258
-0.0613915
-0.180738
-0.112935
0.193178
0.375631
0.192707
-0.138034
-0.24878
-0.107002
0.0810058
0.19848
0.164763
-0.0935507
-0.350321
-0.281638
0.0292195
0.166125
0.0254548
-0.00515433
0.253337
0.351698
0.0798159
-0.201014
-0.157813
-0.00178585
-0.0978078
-0.279063
-0.154469
0.240853
0.419976
0.199004
-0.148219
-0.274586
-0.118786
0.0617615
0.0477028
-0.0541528
0.0408766
0.265713
0.28126
-0.0353875
-0.330525
-0.267332
0.00226588
0.183238
0.164865
0.0228337
-0.196892
-0.302375
-0.0752954
0.254694
0.311248
0.0820088
-0.00739222
0.149761
0.156435
-0.163898
-0.371948
-0.196647
0.0441962
0.00355272
-0.0905577
0.0715543
0.344983
0.318599
-0.0426701
-0.355993
-0.292883
0.00284969
0.207478
0.118309
-0.00433691
0.0638983
0.183899
0.0693678
-0.22938
-0.375264
-0.147907
0.158723
0.258051
0.0931055
-0.105106
-0.218136
-0.134932
0.135542
0.343823
0.233393
-0.0526554
-0.182497
-0.0472387
-0.0190312
-0.186466
-0.261128
-0.00783347
0.318141
0.326078
0.0417853
-0.198441
-0.198062
-0.0250572
0.152349
0.246234
0.0998992
-0.227262
-0.378711
-0.162244
0.0833563
0.0230717
-0.0734552
0.11171
0.357788
0.274757
-0.0556449
-0.162729
-0.0104863
-0.0353099
-0.28837
-0.361272
-0.0251396
0.314052
0.290353
0.0429246
-0.150871
-0.168209
-0.0374157
0.198117
0.303163
0.115156
-0.197657
-0.268055
-0.0884557
0.0160298
-0.0775499
-0.117258
0.0907396
0.313884
0.239352
-0.110982
-0.376392
-0.29477
0.0324704
0.222306
0.116075
-0.00440953
0.116647
0.256829
0.0644294
-0.267299
-0.290794
-0.053527
-0.00782379
-0.142563
-0.099303
0.194906
0.393482
0.210136
-0.191587
-0.364925
-0.179915
0.079862
0.14491
0.0241762
0.0290882
0.250518
0.289401
-0.0276846
-0.25103
-0.15131
-0.0146145
-0.126113
-0.241604
-0.0458127
0.312428
0.400132
0.0936105
-0.243115
-0.318387
-0.101139
0.0833426
0.00220734
-0.077382
0.138128
0.386108
0.252451
-0.0947251
-0.143523
0.0377644
-0.0741745
-0.390152
-0.362925
0.00806898
0.129487
-0.0622045
-0.00121351
0.337219
0.390104
0.0747752
-0.133685
-0.0049158
0.0412643
-0.228789
-0.402493
-0.169019
0.212422
0.314983
0.135158
-0.107236
-0.196135
-0.102029
0.105144
0.243233
0.186001
-0.0591501
-0.25806
-0.210839
0.047624
0.222813
0.1778
-0.0122773
-0.197501
-0.216106
-0.0285088
0.250411
0.316279
0.0844905
-0.1691
-0.160085
-0.0202189
-0.0417599
-0.175811
-0.134246
0.138523
0.354291
0.236909
-0.135215
-0.37988
-0.228807
0.069555
0.133877
-0.00281071
0.0178147
0.245185
0.313226
0.0251344
-0.227364
-0.158363
-0.012625
-0.111463
-0.269748
-0.0902372
0.266863
0.412255
0.160425
-0.210619
-0.319962
-0.131735
0.0635841
0.00162742
-0.0928458
0.103055
0.389571
0.313196
-0.0415828
-0.113726
0.0591022
-0.014117
-0.355081
-0.376055
-0.045741
0.135437
-0.00528554
-0.0211564
0.252678
0.400204
0.136737
-0.247289
-0.313675
-0.0855594
0.138874
0.198643
0.105253
-0.102818
-0.245768
-0.15534
0.113821
0.26452
0.171185
-0.0688329
-0.225369
-0.172396
0.0298606
0.205221
0.20787
-0.0127249
-0.267818
-0.313459
-0.0360418
0.255975
0.199648
0.0203355
0.111084
0.321147
0.160332
-0.227582
-0.31631
-0.0864106
-0.0596452
-0.286669
-0.257108
0.153116
0.351724
0.144063
0.0493638
0.301721
0.351825
-0.0258442
-0.305287
-0.149834
-0.0178201
-0.259134
-0.400479
-0.085212
0.251514
0.161868
0.00414958
0.205644
0.432024
0.193382
-0.20051
-0.167733
0.0289825
-0.148758
-0.445551
-0.299858
0.105047
0.160282
-0.0451918
0.0715038
0.425502
0.364871
-0.00472625
-0.127016
0.0649503
-0.000279548
-0.326948
-0.393502
-0.0785289
0.137481
2.74159e-05
-0.0513474
0.217641
0.407022
0.180486
-0.209645
-0.317716
-0.125387
0.119881
0.213319
0.107829
-0.107437
-0.246743
-0.166657
0.0641063
0.238121
0.197144
-0.0466909
-0.234861
-0.214141
0.00360165
0.210049
0.223543
0.0288931
-0.192639
-0.237239
-0.0510709
0.189468
0.251693
0.0934922
-0.146518
-0.237054
-0.0992262
0.116282
0.236819
0.159763
-0.124871
-0.359909
-0.247776
0.0685038
0.189493
0.0378981
0.0276814
0.268429
0.338899
0.0377004
-0.235133
-0.127591
0.00254994
-0.202518
-0.376575
-0.129348
0.210524
0.183609
0.0112199
0.0944892
0.296367
0.189457
-0.178246
-0.412319
-0.226187
0.139642
0.311785
0.179896
-0.032142
-0.00409214
0.126882
-0.0305908
-0.340639
-0.361664
-0.0251467
0.1111
-0.067181
-0.0236078
0.320394
0.44239
0.138561
-0.0717597
0.0833579
0.11875
-0.228256
-0.442765
-0.19366
0.0498936
-0.0747612
-0.157956
0.142032
0.413789
0.257067
-0.0235438
0.00814764
0.157917
-0.0283423
-0.364115
-0.348791
-0.0211697
0.251307
0.229348
0.0293702
-0.168746
-0.214793
-0.0534307
0.16537
0.221982
0.077506
-0.144953
-0.244885
-0.124644
0.166325
0.330138
0.181941
-0.0993475
-0.180759
-0.0546019
-0.0243955
-0.190424
-0.236839
0.0371151
0.339233
0.302605
0.00809382
-0.208447
-0.185315
-0.0200274
0.176039
0.246172
0.0696096
-0.232098
-0.330075
-0.116684
0.101558
0.0541185
-0.0262946
0.0919272
0.262596
0.192204
-0.126888
-0.387107
-0.273646
0.0854253
0.312356
0.197125
-0.00621143
0.00495004
0.128705
0.00571448
-0.293378
-0.346654
-0.0481659
0.129871
0.00602938
-0.040383
0.225783
0.391545
0.162285
-0.203445
-0.310749
-0.125761
0.101976
0.217844
0.0979757
-0.112105
-0.245397
-0.170846
0.0732872
0.253918
0.203925
-0.0369321
-0.220198
-0.187519
0.00928307
0.185955
0.210632
0.022763
-0.266746
-0.338348
-0.0828618
0.207863
0.200575
0.033276
0.0990489
0.308593
0.196281
-0.168669
-0.302037
-0.0990759
-0.0446934
-0.272302
-0.286132
0.0747402
0.310288
0.152178
0.0184393
0.164041
0.266494
0.00427906
-0.33554
-0.36865
-0.0567917
0.261062
0.276065
0.0520736
-0.106167
-0.0464692
0.0225202
-0.106477
-0.288714
-0.176062
0.16991
0.350589
0.189624
-0.101319
-0.237431
-0.136818
0.0768072
0.204723
0.182833
-0.0345797
-0.249811
-0.224906
0.00513537
0.213137
0.212259
0.0295843
-0.156593
-0.205039
-0.0473899
0.212201
0.310591
0.124492
-0.19386
-0.273652
-0.0853146
0.013146
-0.0715478
-0.0977973
0.0970954
0.312475
0.245537
-0.0935138
-0.373328
-0.29058
0.0394611
0.252371
0.145558
0.0144716
0.137222
0.271838
0.0513342
-0.297542
-0.29604
-0.0591742
-0.0738523
-0.259089
-0.147981
0.219318
0.344098
0.122091
0.0226741
0.179737
0.175431
-0.133074
-0.408227
-0.28992
0.0947085
0.33655
0.2083
-0.0264668
-0.118093
-0.0208837
0.00592459
-0.147388
-0.218809
-0.0275091
0.286724
0.382508
0.113843
-0.25133
-0.304226
-0.0718638
0.0776948
0.0181449
-0.0349931
0.0685426
0.239079
0.185078
-0.131912
-0.381602
-0.271939
0.0748502
0.281909
0.173884
-0.00677007
-0.0336744
0.0611338
0.0168651
-0.204997
-0.296513
-0.0646671
0.299388
0.374703
0.0798063
-0.222004
-0.229836
-0.0464669
0.0242611
-0.0692466
-0.0917482
0.100166
0.322487
0.224396
-0.143552
-0.389748
-0.252493
0.0852507
0.222651
0.113729
-0.00511385
0.0604773
0.162828
0.00772972
-0.302499
-0.360928
-0.0573166
0.228756
0.225069
0.0248001
-0.143515
-0.204441
-0.0892994
0.196139
0.355642
0.158513
-0.119328
-0.169027
-0.0340484
-0.0329388
-0.173716
-0.186785
0.073012
0.337008
0.302785
-0.053129
-0.346644
-0.284171
-0.0127432
0.117785
0.0234255
-0.0146947
0.21786
0.375025
0.131655
-0.188326
-0.146577
0.00484002
-0.165961
-0.394942
-0.228261
0.137751
0.186517
0.00129617
0.0673627
0.347757
0.29584
-0.081812
-0.352834
-0.247859
0.0357303
0.176054
0.158242
-0.0101614
-0.228626
-0.281161
-0.0248775
0.264483
0.281108
0.0514275
-0.0352949
0.0761665
0.0769123
-0.172971
-0.367294
-0.19986
0.175979
0.304243
0.138108
-0.0748887
-0.182443
-0.130968
0.0867769
0.306198
0.258405
-0.0438959
-0.244393
-0.143154
0.00100826
-0.0465769
-0.150785
-0.0434473
0.249317
0.340022
0.0971355
-0.262855
-0.367964
-0.126732
0.151645
0.148096
0.00818387
0.0773082
0.30312
0.228707
-0.111652
-0.295973
-0.110845
-0.0378542
-0.252785
-0.301513
0.0421378
0.3027
0.168646
0.0209215
0.154416
0.277784
0.0582658
-0.300124
-0.384972
-0.097546
0.248771
0.326318
0.0898524
-0.0756053
-0.0151218
0.0675667
-0.139434
-0.367498
-0.239357
0.0754221
0.152381
0.00862466
0.0420008
0.268911
0.298745
-0.0419492
-0.371024
-0.345988
-0.00620026
0.275096
0.222203
0.0242838
0.0056219
0.129227
0.0717716
-0.23345
-0.377636
-0.137019
0.0863785
-0.00194842
-0.0769341
0.153808
0.403296
0.266231
-0.131813
-0.295545
-0.152291
0.0749316
0.181441
0.147181
-0.0541247
-0.287318
-0.290784
-0.0124837
0.228995
0.151507
0.00254031
0.0420437
0.154004
0.0689108
-0.229724
-0.374312
-0.133502
0.228343
0.364147
0.149807
-0.113839
-0.13346
-0.0119524
-0.0326348
-0.174595
-0.167052
0.0811693
0.349573
0.300382
-0.0333381
-0.309159
-0.253867
-0.000500978
0.114823
0.0317546
-0.0175023
0.122207
0.241374
0.0883391
-0.242271
-0.391349
-0.131267
0.223178
0.302679
0.100554
-0.0584622
-0.0277698
0.0395393
-0.0505546
-0.251046
-0.231832
0.0817754
0.359207
0.299016
-0.0521333
-0.315237
-0.2303
0.00408032
0.00092417
-0.128052
-0.0406948
0.29423
0.388525
0.103984
-0.0662603
0.0708489
0.10912
-0.219451
-0.431796
-0.185114
0.0712535
-0.0129044
-0.117366
0.102869
0.417346
0.3105
-0.0681059
-0.293061
-0.180884
0.0237571
0.155232
0.151427
-0.026535
-0.273855
-0.33364
-0.0431213
0.235502
0.176391
0.014803
0.101429
0.277097
0.142371
-0.199595
-0.297451
-0.0948681
-0.0240079
-0.150695
-0.169576
0.122477
0.3996
0.289988
-0.0962798
-0.347442
-0.239726
0.0321185
0.147207
0.0177653
-0.000103464
0.250506
0.365453
0.0742242
-0.220358
-0.14114
-0.0119425
-0.205186
-0.420093
-0.194605
0.180813
0.164629
-0.0235623
0.145192
0.438587
0.29059
-0.106018
-0.154875
0.0509904
-0.0743601
-0.427025
-0.379254
0.00383184
0.136444
-0.0546961
-0.00100101
0.377927
0.416886
0.0779887
-0.0933774
0.0660995
0.0773614
-0.270746
-0.42567
-0.157601
0.0924129
0.00149926
-0.0879531
0.157766
0.406405
0.261968
-0.127833
-0.305772
-0.179087
0.075074
0.208033
0.150171
-0.0327453
-0.220512
-0.213356
0.00187233
0.215254
0.228025
0.0172566
-0.19695
-0.234805
-0.0535887
0.176633
0.259754
0.0882298
-0.154515
-0.230729
-0.0976798
0.141881
0.263267
0.166022
-0.111998
-0.335905
-0.226195
0.0630455
0.166057
0.0526863
0.0116768
0.184455
0.265761
0.0144208
-0.312138
-0.323691
-0.0325764
0.202842
0.186046
0.0266607
-0.147904
-0.246532
-0.0933935
0.226861
0.363963
0.157171
-0.0860858
-0.0371153
0.0809208
-0.115839
-0.398298
-0.294119
0.0428537
0.113173
-0.0622436
0.0405972
0.382563
0.398598
0.0365233
-0.11943
0.0509584
0.0375164
-0.307328
-0.42055
-0.110721
0.115342
0.0144752
-0.0621489
0.165557
0.381176
0.213516
-0.19039
-0.398691
-0.222196
0.114506
0.241624
0.0968793
-8.66342e-05
0.142732
0.215464
-0.0271372
-0.316475
-0.237542
-0.00605938
0.00356217
-0.137496
-0.0310146
0.280573
0.393154
0.0979238
-0.270078
-0.347563
-0.112993
0.163304
0.1622
0.00883885
0.0823088
0.293054
0.25423
-0.121371
-0.307525
-0.123894
-0.0446402
-0.280056
-0.340559
0.030638
0.315796
0.154139
0.0258339
0.265388
0.392185
0.0819057
-0.251695
-0.169774
-0.00261696
-0.20259
-0.440221
-0.195558
0.183237
0.165827
-0.027079
0.148431
0.437445
0.308501
-0.0926635
-0.158856
0.0469827
-0.0794865
-0.424137
-0.373312
0.019525
0.125375
-0.0585565
-0.00796678
0.341786
0.39072
0.0666399
-0.129229
-0.00558764
0.0424461
-0.178963
-0.353545
-0.152981
0.249605
0.40828
0.169308
-0.157686
-0.243928
-0.0947334
-0.00918051
-0.147983
-0.194975
0.0642357
0.349744
0.258678
-0.00586922
0.000827105
0.145559
0.00170713
-0.3524
-0.390648
-0.0707042
0.220618
0.210492
0.0378703
-0.128291
-0.188095
-0.0594429
0.216451
0.388129
0.184294
-0.143768
-0.204538
-0.0217289
-0.0526884
-0.303431
-0.301593
0.0791465
0.289542
0.129288
0.0401707
0.271999
0.36637
0.0215535
-0.294295
-0.156916
0.000536456
-0.238441
-0.415161
-0.140694
0.225849
0.165887
0.00393785
0.153689
0.413974
0.216141
-0.156011
-0.194606
-0.0126223
-0.0687705
-0.331778
-0.29568
0.0972139
0.349326
0.238572
-0.0306851
-0.175163
-0.140322
0.0146103
0.241516
0.277998
0.0385418
-0.259435
-0.269621
-0.0644922
0.0340896
-0.084749
-0.0752972
0.178218
0.366259
0.183747
-0.159935
-0.318591
-0.165007
0.0787389
0.224029
0.132213
-0.0894501
-0.21675
-0.172361
0.0425548
0.228973
0.214053
-0.0163059
-0.274144
-0.299888
-0.0295139
0.21983
0.185792
0.0247361
0.0594004
0.188858
0.112049
-0.200736
-0.378514
-0.185429
0.141666
0.251752
0.139455
-0.0879891
-0.21596
-0.150023
0.0577188
0.236907
0.160841
-0.0477763
-0.217804
-0.232101
0.0175333
0.296482
0.292765
0.0366803
-0.138899
-0.0583229
0.0234954
-0.107513
-0.25943
-0.128275
0.205128
0.380016
0.181533
-0.190426
-0.349536
-0.154364
0.0412929
0.00173677
-0.0972049
0.0612405
0.332655
0.291173
-0.012323
-0.143499
-0.00349527
-0.0127379
-0.240208
-0.342752
-0.0582312
0.311022
0.365376
0.0927169
-0.201482
-0.216743
-0.0299924
0.0280196
-0.0839631
-0.0819407
0.117641
0.319976
0.238688
-0.144986
-0.399027
-0.245342
0.0895255
0.211384
0.11301
-0.000613875
0.075428
0.162417
0.0141597
-0.295143
-0.346477
-0.054504
0.227894
0.233801
0.0425204
-0.132166
-0.203729
-0.0674544
0.209668
0.35111
0.167259
-0.12018
-0.165682
-0.034749
-0.0229946
-0.169034
-0.187874
0.0704953
0.355312
0.300582
-0.0514587
-0.335325
-0.288469
-0.0228222
0.139865
0.0197451
-0.00939574
0.231645
0.378816
0.11546
-0.188421
-0.133769
0.0114526
-0.15263
-0.388259
-0.2255
0.149584
0.196047
0.0204978
0.0734085
0.330749
0.309592
-0.0850379
-0.348093
-0.231824
0.0311956
0.148556
0.131274
-0.0209165
-0.226171
-0.289879
-0.0254312
0.305475
0.309699
0.0532372
-0.0172788
0.141688
0.100697
-0.220245
-0.386866
-0.177363
0.0534803
-0.00902398
-0.10704
0.117634
0.399246
0.294847
-0.075035
-0.294728
-0.186662
0.0407173
0.18777
0.181433
-0.00927673
-0.211503
-0.221962
-0.0113555
0.19272
0.234598
0.0684266
-0.221456
-0.324015
-0.101768
0.159882
0.166861
0.0279421
0.0327821
0.176526
0.157318
-0.119039
-0.355785
-0.2709
0.100776
0.350617
0.244206
-0.0155373
-0.111349
-0.0252717
-0.00962058
-0.143467
-0.225762
-0.0555715
0.272994
0.362128
0.111177
-0.258954
-0.336785
-0.0991299
0.0865943
0.00946194
-0.0649426
0.130033
0.35167
0.228943
-0.09527
-0.164486
-0.00843157
-0.0551825
-0.294666
-0.314511
0.0384684
0.332974
0.269462
-0.00218142
-0.183821
-0.175783
-0.00355718
0.179735
0.236127
0.0556228
-0.187944
-0.259019
-0.0800951
0.146354
0.24771
0.117644
-0.130585
-0.25856
-0.146659
0.091265
0.24375
0.172855
-0.0771721
-0.247571
-0.200033
0.0380988
0.221589
0.184347
-0.0133565
-0.203231
-0.224734
-0.0102535
0.250384
0.307715
0.0638463
-0.194227
-0.177775
-0.0319185
-0.0456088
-0.173892
-0.141806
0.14327
0.368785
0.230738
-0.143796
-0.350068
-0.208818
0.0625924
0.140067
0.0305265
0.0120813
0.172884
0.23155
0.00369065
-0.309899
-0.329698
-0.0346014
0.20568
0.220063
0.0485192
-0.160323
-0.224935
-0.0783545
0.154876
0.239026
0.107143
-0.119087
-0.272458
-0.187953
0.141025
0.345158
0.208607
-0.0398232
-0.0229869
0.11184
-0.0428122
-0.360012
-0.355421
-0.0324396
0.101929
-0.061657
-0.0129018
0.333303
0.443325
0.122759
-0.0788979
0.0767803
0.10624
-0.22134
-0.432321
-0.196934
0.0768308
-0.00286222
-0.120041
0.122297
0.39442
0.292256
-0.0860019
-0.289119
-0.179567
0.0360449
0.17812
0.174797
-0.00788463
-0.206457
-0.229082
-0.034808
0.205916
0.253018
0.0480833
-0.173053
-0.2205
-0.0810952
0.127163
0.227917
0.115012
-0.169619
-0.355926
-0.222243
0.122194
0.21108
0.0465168
0.0407475
0.309944
0.32818
-0.0205675
-0.272886
-0.130539
-0.0223661
-0.232381
-0.384945
-0.0898785
0.25424
0.16348
0.00609831
0.193979
0.404369
0.176939
-0.169897
-0.187078
-0.00707578
-0.0861856
-0.305319
-0.230784
0.145025
0.385856
0.277986
-0.0989244
-0.313705
-0.199742
0.0239008
0.00336353
-0.121634
-0.00424052
0.311949
0.361866
0.0606553
-0.0817064
0.0735574
0.0686825
-0.248132
-0.413171
-0.141332
0.0901477
0.0142222
-0.0906455
0.138791
0.389939
0.247904
-0.142248
-0.393792
-0.237667
0.0668298
0.203598
0.11109
-0.00306178
0.06147
0.146225
0.000213888
-0.258169
-0.320497
-0.0434093
0.310111
0.367532
0.085966
-0.181481
-0.150074
-0.0146507
-0.0975557
-0.301438
-0.201535
0.180285
0.313625
0.104567
0.0392804
0.287117
0.287443
-0.0923354
-0.310364
-0.133198
-0.0312675
-0.260293
-0.356905
-0.018554
0.265358
0.168867
0.0156533
0.127356
0.288936
0.105582
-0.272618
-0.399528
-0.140094
0.215646
0.304295
0.121371
-0.0745612
-0.00718748
0.0899021
-0.103456
-0.352414
-0.265071
0.0548249
0.150903
0.0103332
0.0250541
0.242685
0.306236
0.0028175
-0.344361
-0.358688
-0.0386341
0.250194
0.254136
0.0436636
-0.0123558
0.137323
0.104078
-0.23664
-0.420142
-0.185033
0.044588
-0.0783236
-0.175405
0.146061
0.441884
0.267474
-0.00177516
0.0806567
0.211126
-0.0319839
-0.382689
-0.290563
-0.0260206
-0.0133205
-0.146212
-0.0383844
0.28788
0.394172
0.117759
-0.25934
-0.334917
-0.0917697
0.131564
0.128962
0.0236838
0.025999
0.154626
0.147261
-0.108417
-0.347143
-0.262806
0.106566
0.361057
0.261794
-0.0187682
-0.128213
-0.000902482
-0.00030594
-0.231299
-0.321424
-0.0695183
0.210347
0.165065
0.00306315
0.117132
0.316317
0.166319
-0.247788
-0.391146
-0.14387
0.0991815
0.183355
0.0811251
-0.09903
-0.259761
-0.207876
0.0970322
0.350903
0.241567
-0.00836362
-0.0248134
0.119815
0.00878543
-0.330794
-0.381537
-0.061106
0.102711
-0.0706724
-0.0623621
0.288633
0.44607
0.15986
-0.0678038
0.0798123
0.127213
-0.18847
-0.408013
-0.212009
0.0552787
0.00710535
-0.0995909
0.0747354
0.3662
0.327785
-0.0411205
-0.342362
-0.301697
0.0130184
0.194587
0.116371
0.00536748
0.0653066
0.166454
0.0601314
-0.222259
-0.364022
-0.148441
0.222075
0.34769
0.150967
-0.112605
-0.142933
-0.00740507
-0.025284
-0.155173
-0.169811
0.0768759
0.332368
0.304392
-0.0514351
-0.341223
-0.286271
-0.000796938
0.114898
-0.00330154
-0.00879749
0.208722
0.325878
0.102931
-0.199346
-0.166402
-0.021499
-0.0987009
-0.303963
-0.180498
0.184783
0.406058
0.237021
-0.140811
-0.311187
-0.172065
0.034931
-0.00272176
-0.108159
0.0259434
0.30583
0.304306
0.0178861
-0.139005
-0.0120946
0.0240087
-0.21275
-0.367782
-0.112844
0.278428
0.372096
0.121982
-0.1779
-0.238025
-0.0812606
0.0254275
-0.0705146
-0.116492
0.100638
0.36092
0.265521
-0.0824646
-0.290307
-0.183602
0.0435013
0.181333
0.164033
-0.0240071
-0.269482
-0.306261
-0.0332722
0.217463
0.188315
0.0174863
0.0490867
0.205967
0.122751
-0.223645
-0.392296
-0.183739
0.149177
0.247367
0.105107
-0.0911847
-0.212387
-0.180664
0.076684
0.333206
0.262457
-0.0490946
-0.172414
-0.0534007
-0.00596184
-0.176547
-0.276318
-0.0507474
0.277966
0.337773
0.0668694
-0.195072
-0.237211
-0.0748769
0.146157
0.23268
0.110448
-0.126615
-0.264095
-0.138718
0.107203
0.251631
0.157775
-0.0703052
-0.212909
-0.174635
0.0422102
0.275923
0.25965
-0.00891475
-0.274052
-0.250987
-0.0344347
0.0424988
-0.0777052
-0.0436678
0.19971
0.362756
0.155473
-0.20046
-0.306668
-0.119086
0.0975463
0.175596
0.093759
-0.117443
-0.319539
-0.235172
0.0877297
0.267077
0.12654
0.00217465
0.0655985
0.158786
0.0128064
-0.262769
-0.319104
-0.0463681
0.294178
0.361884
0.083404
-0.177579
-0.154136
-0.0124618
-0.0852108
-0.291962
-0.197147
0.193442
0.317763
0.104767
0.056787
0.282758
0.304656
-0.0889194
-0.326594
-0.14667
-0.0396703
-0.249219
-0.354933
-0.0257468
0.267
0.175537
0.0267836
0.139359
0.288374
0.112727
-0.270821
-0.404142
-0.129939
0.198402
0.285563
0.107702
-0.0705728
-0.0344704
0.0398782
-0.0685769
-0.267526
-0.252148
0.0894252
0.328294
0.229879
-0.0288418
-0.226773
-0.182634
0.0110373
0.208771
0.209475
0.021201
-0.175993
-0.223344
-0.0555078
0.212154
0.31368
0.110088
-0.205106
-0.278804
-0.102445
0.0256678
-0.0797728
-0.112831
0.104888
0.362771
0.275119
-0.0832693
-0.284731
-0.16631
0.0499174
0.165393
0.161598
-0.0135
-0.276645
-0.3366
-0.0470112
0.23444
0.180818
0.0158858
0.0968601
0.296769
0.149066
-0.214221
-0.305343
-0.106306
-0.0171043
-0.175946
-0.199192
0.143974
0.409454
0.27481
-0.0810229
-0.227923
-0.133296
0.0430689
0.18642
0.204208
-0.0246717
-0.325291
-0.332571
-0.0447712
0.151329
0.0384446
-0.0359388
0.207631
0.402479
0.164566
-0.166389
-0.129888
0.0269064
-0.141585
-0.385095
-0.273854
0.0872244
0.168016
-0.0011713
0.034263
0.277737
0.312684
-0.0329763
-0.365797
-0.321521
0.00827318
0.264006
0.187808
0.0157627
-0.0259672
0.0638384
0.0305824
-0.178232
-0.336988
-0.139702
0.221631
0.378031
0.157912
-0.14578
-0.224794
-0.0865058
0.0125524
-0.0701093
-0.126696
0.0521281
0.309209
0.293525
-0.0476668
-0.347004
-0.301223
0.00169953
0.200831
0.11942
-0.0043605
0.0693676
0.189479
0.0688797
-0.232922
-0.361762
-0.136695
0.18108
0.27289
0.121424
-0.104656
-0.207813
-0.126743
0.103374
0.240378
0.158207
-0.0725468
-0.243107
-0.200689
0.039517
0.327826
0.304545
-0.00851696
-0.158876
-0.0347976
0.00192654
-0.229049
-0.366695
-0.119453
0.204541
0.157205
0.00443799
0.113322
0.32169
0.206282
-0.195153
-0.386159
-0.18618
0.0864479
0.173951
0.110346
-0.0664545
-0.257572
-0.235649
0.0497811
0.294673
0.225947
-0.00452399
-0.0571372
0.0627647
0.0203098
-0.230853
-0.359694
-0.108524
0.23197
0.300114
0.0793443
-0.114582
-0.176548
-0.0832878
0.13712
0.329821
0.203996
-0.137718
-0.305859
-0.148058
-0.00106926
-0.150402
-0.236966
0.0398204
0.361276
0.276422
0.0220107
0.0768759
0.248147
0.0608504
-0.312867
-0.339309
-0.0778845
-0.0122344
-0.180499
-0.123194
0.226941
0.413872
0.18821
-0.151893
-0.253857
-0.115849
0.101675
0.216059
0.148158
-0.072152
-0.249248
-0.176166
0.0432355
0.234839
0.232389
-0.014066
-0.285254
-0.284947
-0.0305071
0.151689
0.0564462
-0.0156061
0.144815
0.299418
0.142852
-0.210818
-0.361112
-0.141039
0.134
0.197963
0.0925144
-0.0827567
-0.24186
-0.21002
0.109134
0.372442
0.257759
-0.0220617
-0.0233829
0.132026
0.00320225
-0.339688
-0.361971
-0.0740914
0.080552
-0.0670493
-0.0571913
0.25076
0.407386
0.151957
-0.0968837
-0.0110714
0.074057
-0.13096
-0.368884
-0.253799
0.131168
0.387972
0.254731
-0.0870665
-0.237448
-0.0978632
-0.00652877
-0.134518
-0.225209
-0.00691776
0.304614
0.268243
0.029673
-0.00204952
0.146128
0.0725008
-0.242085
-0.390157
-0.151045
0.235921
0.3729
0.157352
-0.121658
-0.152326
-0.00528227
-0.0555754
-0.28483
-0.275459
0.0843866
0.285517
0.115579
0.0349679
0.256493
0.338534
0.017205
-0.270811
-0.174761
-0.00358828
-0.130256
-0.273124
-0.0935638
0.283892
0.414365
0.156155
-0.196634
-0.28565
-0.101912
0.0717055
0.0433788
-0.0395588
0.0738574
0.284598
0.24341
-0.0992706
-0.337471
-0.242424
0.0522947
0.211467
0.157787
-0.0163588
-0.197379
-0.220391
-0.0288208
0.214617
0.239006
0.0495022
-0.175056
-0.237351
-0.0802091
0.130582
0.230712
0.106022
-0.150821
-0.32067
-0.188397
0.128046
0.282906
0.130642
-0.0149463
0.0702614
0.149157
-0.0521478
-0.326202
-0.330305
-0.0183304
0.255703
0.21532
0.0186642
-0.139571
-0.17333
-0.0449774
0.240978
0.360706
0.132873
-0.182166
-0.186007
-0.0177694
-0.0763643
-0.29254
-0.21814
0.121918
0.295548
0.143743
0.0209992
0.167592
0.258964
-0.0353492
-0.363229
-0.330496
-0.00543435
0.221511
0.195118
0.0102999
-0.178214
-0.213436
-0.0440526
0.176586
0.237675
0.0652633
-0.174159
-0.275537
-0.148057
0.157095
0.329158
0.17116
-0.0570721
-0.0400936
0.0526491
-0.0377472
-0.255317
-0.2495
0.0366864
0.339234
0.328963
-0.00430573
-0.288758
-0.22849
-0.0346797
0.00269479
-0.14161
-0.0760111
0.231335
0.35918
0.118456
-0.089884
-0.00519164
0.0655233
-0.137525
-0.377715
-0.259951
0.137101
0.380588
0.237312
-0.0729282
-0.225138
-0.111348
0.0134987
-0.0596755
-0.151655
0.00585844
0.297572
0.338076
0.0513194
-0.24102
-0.250797
-0.0451771
0.165979
0.213476
0.07955
-0.147141
-0.237243
-0.100942
0.114012
0.235731
0.138168
-0.127716
-0.34655
-0.233553
0.073791
0.186489
0.0364589
0.0199952
0.272323
0.352203
0.0241483
-0.255252
-0.132131
-0.00840518
-0.227207
-0.415065
-0.138821
0.209286
0.171546
-0.00929517
0.171731
0.405466
0.224795
-0.133615
-0.195145
-0.00841206
-0.0681563
-0.293845
-0.25976
0.0965926
0.401611
0.294567
-0.0571646
-0.261013
-0.191783
-0.00867301
0.0272378
-0.0678513
-0.0247131
0.220794
0.348196
0.103545
-0.251094
-0.309019
-0.088233
0.124609
0.172566
0.0800269
-0.140712
-0.324016
-0.214511
0.143604
0.314434
0.145014
-0.000913499
0.149827
0.24651
-0.045286
-0.370483
-0.297598
-0.0311743
-0.0818276
-0.273275
-0.0653678
0.334844
0.348296
0.0677322
0.0567696
0.268246
0.162488
-0.225244
-0.361073
-0.125338
-0.00494116
-0.204631
-0.20127
0.129969
0.393358
0.257447
-0.0668563
-0.248397
-0.171819
0.0363025
0.186417
0.183922
-0.0148409
-0.236785
-0.247855
-0.0293561
0.187768
0.22113
0.0506582
-0.172326
-0.24675
-0.090887
0.162009
0.24612
0.0967183
-0.120037
-0.219631
-0.133353
0.105649
0.282401
0.20385
-0.0866819
-0.312041
-0.216241
0.0142093
0.055223
-0.0520835
-0.0113153
0.219996
0.279705
0.038172
-0.298604
-0.373315
-0.11237
0.222804
0.263608
0.0521483
-0.0208532
0.142854
0.1382
-0.179086
-0.40157
-0.202333
0.0335485
-0.065189
-0.188564
0.0974221
0.417691
0.287222
0.0176376
0.0681216
0.246908
0.00780107
-0.345733
-0.337494
-0.0412977
-0.00859476
-0.184427
-0.0760085
0.29068
0.427909
0.145042
-0.168595
-0.235803
-0.0852065
0.0911422
0.190961
0.131085
-0.130939
-0.362226
-0.259541
0.0709001
0.177092
0.0148615
0.0122637
0.24827
0.310415
0.0135533
-0.248079
-0.173695
-0.0153133
-0.142287
-0.305591
-0.106637
0.272567
0.365659
0.106162
-0.155266
-0.216754
-0.0808707
0.113519
0.237874
0.142796
-0.100658
-0.235606
-0.14557
0.0803491
0.256639
0.237121
-0.0417707
-0.329759
-0.269175
-0.0129381
0.013685
-0.128515
-0.0378037
0.276491
0.345673
0.0940467
-0.0960355
-0.00427502
0.0503211
-0.153566
-0.375599
-0.202494
0.202506
0.382447
0.18874
-0.111693
-0.232139
-0.0960993
0.0111539
-0.0669
-0.138688
0.0328101
0.331053
0.327364
0.0126752
-0.25473
-0.23022
-0.00853949
0.175512
0.202327
0.0435387
-0.240193
-0.346109
-0.135786
0.158823
0.196675
0.0325643
0.0359137
0.223755
0.176491
-0.105439
-0.348717
-0.236869
0.0757503
0.262393
0.183234
-0.0460633
-0.190412
-0.19335
0.0114995
0.225826
0.244021
0.0244136
-0.200812
-0.229108
-0.0413623
0.194315
0.25476
0.0853802
-0.15737
-0.244224
-0.107722
0.126041
0.251702
0.138716
-0.105167
-0.246589
-0.163855
0.0638684
0.23933
0.204402
-0.034393
-0.227026
-0.199208
0.0180572
0.221824
0.226808
0.0270746
-0.207873
-0.229987
-0.0575543
0.180978
0.247737
0.0759527
-0.150589
-0.254525
-0.105845
0.136623
0.257979
0.14456
-0.103876
-0.225158
-0.146596
0.0538743
0.209639
0.188891
-0.0590832
-0.297282
-0.286855
-0.00324169
0.232459
0.157579
0.00420282
0.0507297
0.164822
0.0690155
-0.210346
-0.354784
-0.138255
0.242145
0.378069
0.160522
-0.133328
-0.166737
-0.010224
-0.0584558
-0.293766
-0.27036
0.0917326
0.295905
0.124001
0.0325574
0.271479
0.356615
0.0246257
-0.264474
-0.152188
-0.00693677
-0.216978
-0.388653
-0.120184
0.220659
0.19394
0.0218879
0.100002
0.30377
0.200515
-0.193321
-0.425812
-0.230031
0.135203
0.290963
0.134996
-0.04652
-0.0229215
0.0684284
-0.0191643
-0.217846
-0.267047
-0.00312089
0.328319
0.350474
0.0427206
-0.26686
-0.248905
-0.0353238
0.0148835
-0.147878
-0.10567
0.216209
0.40862
0.179726
-0.0413188
0.0746211
0.155398
-0.135321
-0.419753
-0.257625
0.0249102
-0.0128395
-0.149712
0.0414888
0.356358
0.343926
0.0197615
-0.255017
-0.22412
-0.00848038
0.181937
0.201167
0.0358335
-0.175613
-0.238933
-0.0880388
0.141715
0.254831
0.127808
-0.155469
-0.328128
-0.179466
0.109398
0.185317
0.0400157
0.0212427
0.172937
0.211489
-0.0286356
-0.324321
-0.314787
-0.000202128
0.321604
0.293466
0.0191454
-0.108031
-0.00430357
0.0255666
-0.199624
-0.353201
-0.150184
0.166006
0.178426
0.0230275
0.101474
0.318694
0.251701
-0.136799
-0.37111
-0.220595
0.0678343
0.204198
0.142859
-0.0448711
-0.209277
-0.205073
0.0197052
0.241332
0.233928
0.0132263
-0.207178
-0.22068
-0.0534062
0.141834
0.213182
0.0756751
-0.190133
-0.339716
-0.168884
0.165608
0.29794
0.104743
-0.01613
0.136692
0.201913
-0.0878369
-0.369589
-0.242515
0.00982075
-0.0220158
-0.168806
-0.0091056
0.339693
0.395667
0.0517296
-0.234958
-0.228981
-0.0304715
0.122624
0.183652
0.0666277
-0.215845
-0.38018
-0.187741
0.13996
0.173532
0.0318901
0.0578678
0.284548
0.265837
-0.0744444
-0.283446
-0.14236
-0.0097455
-0.168895
-0.25968
-0.00121664
0.342023
0.355923
0.044639
-0.20813
-0.209283
-0.0412055
0.162297
0.219654
0.0708902
-0.149394
-0.233729
-0.0894408
0.127006
0.27354
0.187905
-0.147268
-0.36107
-0.202852
0.0363883
0.0175004
-0.10182
0.0508729
0.329323
0.323338
0.0166315
-0.135766
-0.00970452
0.0019181
-0.235828
-0.392066
-0.124207
0.24896
0.301996
0.0800241
-0.130937
-0.175075
-0.0717711
0.16518
0.327758
0.209672
-0.12117
-0.268159
-0.112838
0.0133379
-0.0652387
-0.13506
0.0362086
0.306141
0.324452
0.000965767
-0.333297
-0.325249
-0.047873
0.170688
0.130047
0.0147953
0.0558186
0.19154
0.113471
-0.212168
-0.371427
-0.187145
0.149151
0.248603
0.110252
-0.0848037
-0.209366
-0.171885
0.0979423
0.319983
0.25838
-0.0311073
-0.176092
-0.0651858
0.00176482
-0.173932
-0.269128
-0.0409524
0.27595
0.331041
0.0765404
-0.177568
-0.235428
-0.0677851
0.129725
0.224139
0.105284
-0.14278
-0.263307
-0.158272
0.0987555
0.233946
0.151002
-0.0741992
-0.238631
-0.180821
0.055982
0.229314
0.20268
-0.011908
-0.213804
-0.23194
-0.0154983
0.20578
0.23181
0.04977
-0.171871
-0.243329
-0.0906367
0.171459
0.244544
0.0951864
-0.134921
-0.258669
-0.145944
0.0962612
0.242118
0.158053
-0.0663301
-0.249651
-0.191931
0.0461004
0.235284
0.192268
-0.00639079
-0.203492
-0.225887
-0.0117074
0.257349
0.314807
0.0793504
-0.188186
-0.184823
-0.0308985
-0.0406702
-0.183003
-0.128174
0.157003
0.353698
0.218189
-0.154806
-0.374889
-0.231498
0.0656855
0.129545
0.00368263
0.0230368
0.24828
0.308883
0.00488486
-0.227132
-0.157272
-0.0109225
-0.122018
-0.276887
-0.0900968
0.277871
0.405236
0.13193
-0.218709
-0.324281
-0.125272
0.0637476
0.0161854
-0.0813535
0.101086
0.348546
0.276017
-0.0614453
-0.15131
0.0043567
-0.0223167
-0.264203
-0.314791
-0.00434821
0.350459
0.353435
0.0408116
-0.249915
-0.234586
-0.043252
0.00102315
-0.135744
-0.103806
0.201074
0.354326
0.155969
-0.0685198
-0.0106939
0.0795738
-0.106332
-0.352009
-0.263362
0.0949634
0.371461
0.281763
-0.060461
-0.240944
-0.128251
-0.000980077
-0.14799
-0.26399
-0.0570247
0.303102
0.309076
0.0385663
0.0584517
0.284638
0.153802
-0.248607
-0.344533
-0.109671
-0.0516022
-0.268345
-0.235719
0.142187
0.330186
0.153861
-0.00278378
0.161445
0.231768
-0.0384661
-0.382477
-0.339996
-0.000572811
0.296447
0.250615
0.0337197
-0.108899
-0.0377151
0.0126853
-0.126234
-0.281348
-0.132357
0.220117
0.367343
0.167556
-0.118847
-0.192333
-0.084184
0.0938967
0.248835
0.216029
-0.087664
-0.358083
-0.238552
0.0166073
0.01722
-0.133836
0.00611928
0.333917
0.378566
0.0719435
-0.0905617
0.0706105
0.0775379
-0.280397
-0.433517
-0.155236
0.0668984
-0.0741291
-0.11877
0.185209
0.419971
0.224637
-0.045807
-0.00412957
0.120812
-0.0705642
-0.377835
-0.325992
0.0435608
0.287944
0.212371
-0.027913
-0.179386
-0.18307
-0.0143321
0.19354
0.246799
0.0644557
-0.184854
-0.25218
-0.0819399
0.148908
0.250632
0.104441
-0.143325
-0.255577
-0.142379
0.109402
0.24283
0.157521
-0.0786147
-0.26538
-0.188824
0.0433184
0.207188
0.179787
-0.0152713
-0.213729
-0.248365
-0.0364344
0.289981
0.330748
0.0734828
-0.143724
-0.0312213
0.0492575
-0.197684
-0.403847
-0.213625
0.123255
0.131604
-0.0289111
0.108744
0.404382
0.312272
-0.0619449
-0.145943
0.032759
-0.0446435
-0.373888
-0.374139
-0.0257356
0.141625
-0.00332143
-0.0111842
0.259029
0.398989
0.127028
-0.254779
-0.305651
-0.0746028
0.104447
0.172768
0.0831161
-0.130047
-0.31959
-0.203931
0.140765
0.306533
0.135485
-0.0144414
0.142055
0.24132
-0.0418202
-0.353399
-0.257111
-0.0165045
-0.0786923
-0.244207
-0.0474963
0.334395
0.34757
0.0611219
0.0219147
0.201938
0.12366
-0.233748
-0.428771
-0.193138
0.1416
0.221518
0.0854456
-0.0949141
-0.209502
-0.169934
0.104805
0.34526
0.266165
-0.0455813
-0.165868
-0.0670395
-0.00605407
-0.180983
-0.278232
-0.0526155
0.289694
0.335281
0.0780231
-0.166614
-0.195607
-0.0538687
0.149251
0.256014
0.139542
-0.176142
-0.33122
-0.159568
0.0651853
0.0531939
-0.0508488
0.0475074
0.285551
0.277209
-0.0491261
-0.335503
-0.271435
0.00826713
0.190944
0.187469
0.0229828
-0.175819
-0.226186
-0.0548119
0.162853
0.21873
0.0715329
-0.189513
-0.324339
-0.156012
0.169886
0.310114
0.11191
0.00452334
0.140872
0.198879
-0.085837
-0.350821
-0.240237
-0.00230668
-0.00992199
-0.132126
0.00810921
0.301452
0.365488
0.0562815
-0.29026
-0.328905
-0.081073
0.179426
0.167463
0.0223265
0.105446
0.310984
0.199994
-0.173381
-0.300463
-0.0952107
-0.055413
-0.25565
-0.269232
0.0866872
0.325808
0.168938
0.0263794
0.165317
0.271405
0.00723181
-0.350017
-0.372295
-0.0468656
0.254668
0.277703
0.0517806
-0.094727
-0.0336144
0.0264395
-0.106083
-0.285825
-0.174235
0.18289
0.3655
0.175162
-0.0917803
-0.190943
-0.102952
0.0667792
0.249175
0.233488
-0.0565275
-0.346789
-0.267567
-0.0044497
0.0256976
-0.128154
-0.0348237
0.302223
0.404255
0.11238
-0.0766939
0.0878412
0.101353
-0.245603
-0.452211
-0.186255
0.048
-0.0879539
-0.16982
0.160745
0.436316
0.265964
-0.00856716
0.076242
0.211912
-0.0450408
-0.374226
-0.295723
-0.0203571
0.0034328
-0.154321
-0.0463483
0.29176
0.405082
0.103222
-0.270559
-0.333968
-0.100139
0.131797
0.132547
0.0183072
0.0392885
0.166128
0.141569
-0.113495
-0.347992
-0.254505
0.0932984
0.366384
0.262239
-0.0248737
-0.136361
-0.00580853
-0.00132972
-0.251253
-0.373439
-0.0732495
0.204963
0.127396
-0.0037359
0.180043
0.38065
0.176429
-0.176055
-0.187712
-0.00342029
-0.0788502
-0.299272
-0.229376
0.14428
0.414547
0.260868
-0.100108
-0.291796
-0.18116
0.0235259
0.0325144
-0.0572611
-0.00499287
0.243161
0.33468
0.0551684
-0.28299
-0.30672
-0.0581218
0.169126
0.198008
0.0503461
-0.146437
-0.238415
-0.113404
0.143389
0.267121
0.152056
-0.107789
-0.235379
-0.140896
0.0789528
0.223852
0.183995
-0.044087
-0.298853
-0.276105
0.0117906
0.236785
0.173339
0.0225393
0.0667776
0.207424
0.0821105
-0.230216
-0.354201
-0.130315
0.179918
0.265795
0.100037
-0.124517
-0.22736
-0.128009
0.102237
0.242827
0.157736
-0.0661142
-0.235976
-0.208468
0.0527917
0.319657
0.266955
-0.00699115
-0.154882
-0.0545627
0.00273524
-0.156887
-0.290957
-0.0979015
0.246006
0.346605
0.111298
-0.16736
-0.235578
-0.0935463
0.114018
0.220582
0.142579
-0.110318
-0.243051
-0.141784
0.0766024
0.262909
0.230448
-0.0493019
-0.327417
-0.255783
-0.0168097
0.0161052
-0.125141
-0.0481744
0.278981
0.360436
0.09757
-0.0857755
-0.00101278
0.0640003
-0.180325
-0.406616
-0.21913
0.170911
0.310982
0.14377
-0.0944698
-0.213702
-0.14231
0.0663354
0.228641
0.176839
-0.0371934
-0.234422
-0.210745
0.0127417
0.263854
0.282064
0.0210868
-0.221662
-0.182921
-0.0281146
-0.048457
-0.19929
-0.107355
0.208841
0.37622
0.165963
-0.147497
-0.259955
-0.136381
0.102114
0.219577
0.128873
-0.0743782
-0.223519
-0.164544
0.0368848
0.21748
0.222863
-0.0146475
-0.30445
-0.312693
-0.0548799
0.136333
0.0293606
-0.0240787
0.194548
0.368854
0.160216
-0.162277
-0.165239
-0.0153276
-0.0892896
-0.287843
-0.219363
0.141167
0.399861
0.273335
-0.0972262
-0.302523
-0.193169
0.015885
-0.00635623
-0.127214
-0.00502302
0.294465
0.330075
0.0459751
-0.107025
-0.00427485
0.0267055
-0.182722
-0.364324
-0.162604
0.234313
0.389375
0.161718
-0.144426
-0.204345
-0.0667771
0.0192924
-0.0498164
-0.112727
0.068503
0.318237
0.299244
-0.0482963
-0.360862
-0.32448
0.000956731
0.227991
0.146527
0.00993714
0.122764
0.283313
0.114744
-0.267311
-0.31198
-0.0770236
-0.054121
-0.262225
-0.181428
0.194584
0.361827
0.140108
0.0212524
0.197789
0.232731
-0.0905535
-0.389358
-0.301148
0.0297501
0.233525
0.177314
-0.0177756
-0.189166
-0.21185
-0.019016
0.208462
0.243291
0.0564594
-0.173288
-0.232276
-0.0847804
0.152771
0.254317
0.10612
-0.129746
-0.254959
-0.142637
0.0973074
0.245442
0.158847
-0.0757935
-0.24564
-0.195989
0.0444547
0.236524
0.224032
-0.00682535
-0.218314
-0.201017
-0.00718003
0.170619
0.208836
0.034863
-0.200689
-0.305219
-0.126684
0.208969
0.319566
0.0981563
-0.0187671
0.154051
0.189208
-0.139705
-0.409867
-0.227531
0.00614974
-0.0898045
-0.216888
0.0360537
0.381586
0.306064
0.0282292
0.0739299
0.253181
0.0580799
-0.320713
-0.328575
-0.0607038
-0.00546916
-0.16606
-0.104747
0.22167
0.405737
0.189598
-0.191513
-0.37377
-0.19983
0.102849
0.148557
-0.0131999
0.0468325
0.286367
0.305557
-0.0264056
-0.275024
-0.135366
-0.0244148
-0.235124
-0.363629
-0.0752671
0.241861
0.186827
-0.00153446
0.127552
0.328299
0.15668
-0.24104
-0.385792
-0.147506
0.116906
0.182804
0.0950709
-0.101687
-0.264998
-0.206665
0.0928716
0.361495
0.242806
-0.0210026
-0.0206938
0.111259
-0.00903231
-0.334672
-0.375005
-0.0595398
0.0841787
-0.0736203
-0.0615525
0.288353
0.446643
0.144041
-0.0734591
0.0660097
0.131902
-0.187188
-0.421076
-0.223332
0.045047
-0.00404533
-0.134348
0.0777416
0.394382
0.331209
-0.0393972
-0.276839
-0.196611
0.0167252
0.149838
0.179657
0.00804978
-0.257972
-0.347061
-0.0881515
0.211566
0.191856
0.0263056
0.0953369
0.309034
0.211635
-0.17348
-0.290866
-0.0995912
-0.0388241
-0.269988
-0.278963
0.0903508
0.313823
0.137663
0.0186252
0.160332
0.254049
0.0070769
-0.347802
-0.375393
-0.0405148
0.273873
0.290048
0.058391
-0.10168
-0.0306175
0.0301983
-0.101567
-0.254944
-0.151506
0.187217
0.378168
0.22477
-0.153814
-0.336596
-0.156967
0.0303553
0.00825006
-0.114523
0.0367231
0.332494
0.325021
0.0146712
-0.124015
0.00699311
0.0255323
-0.239964
-0.401321
-0.109881
0.259001
0.308527
0.0838453
-0.121906
-0.17395
-0.0766538
0.152554
0.318388
0.206403
-0.133558
-0.261688
-0.130698
0.016891
-0.0692762
-0.149881
0.0280509
0.321367
0.314595
-0.00652731
-0.265566
-0.227655
-0.0122028
0.139947
0.172415
0.0391125
-0.240838
-0.3591
-0.118215
0.169568
0.191566
0.0168072
0.0808065
0.294319
0.22966
-0.124697
-0.301301
-0.120253
-0.00908464
-0.150181
-0.213675
0.0542238
0.366007
0.353737
0.00355901
-0.296534
-0.254334
-0.0102167
0.109862
0.0369387
-0.017969
0.131603
0.27617
0.131156
-0.236732
-0.366402
-0.160136
0.114795
0.192159
0.0890071
-0.1058
-0.246582
-0.206445
0.0937754
0.365491
0.238102
-0.0312783
-0.0266787
0.109691
-0.0043569
-0.308707
-0.342705
-0.0579636
0.101524
-0.00102885
-0.0250139
0.183323
0.369901
0.153454
-0.257809
-0.393641
-0.163135
0.146294
0.221295
0.074882
-0.0150276
0.0662841
0.132702
-0.0724919
-0.325144
-0.28614
0.0558071
0.298636
0.235994
-0.00870906
-0.178989
-0.183841
-0.00720737
0.18702
0.22541
0.0476312
-0.170083
-0.226635
-0.0757089
0.216047
0.35299
0.159665
-0.14943
-0.195722
-0.0425095
-0.0617517
-0.275845
-0.259451
0.0885325
0.283009
0.145423
0.0288369
0.152286
0.233248
-0.0032069
-0.348816
-0.379941
-0.0281228
0.283619
0.261715
0.0560749
-0.0999421
-0.0379629
0.024526
-0.113969
-0.290043
-0.169809
0.175842
0.35369
0.181506
-0.109138
-0.243982
-0.132225
0.0802601
0.224121
0.173177
-0.0462743
-0.204065
-0.194765
0.00724487
0.24811
0.282053
0.0422722
-0.249039
-0.268594
-0.0437633
0.0418003
-0.0601978
-0.0848844
0.173544
0.34584
0.183136
-0.165949
-0.325452
-0.164368
0.0888974
0.206918
0.121508
-0.0808395
-0.240354
-0.18562
0.0575212
0.249034
0.214041
-0.0150626
-0.229731
-0.214602
-0.00452456
0.200093
0.241931
0.0548093
-0.161577
-0.217565
-0.0756415
0.157245
0.255273
0.11055
-0.158195
-0.322027
-0.165379
0.10708
0.199787
0.055907
0.0111554
0.194176
0.239235
-0.0362276
-0.338282
-0.296273
0.00187518
0.229538
0.200447
0.0121772
-0.186335
-0.21095
-0.0460215
0.166043
0.227521
0.08276
-0.148466
-0.275896
-0.141169
0.179216
0.357076
0.170268
-0.0692891
-0.0265949
0.0838875
-0.0891851
-0.355598
-0.297588
0.0154009
0.128374
0.00375837
0.0239947
0.269526
0.35482
0.0462564
-0.287658
-0.31118
-0.0519659
0.161784
0.206654
0.0520501
-0.150729
-0.253002
-0.110181
0.129256
0.234008
0.126908
-0.124017
-0.303112
-0.214173
0.0903659
0.263934
0.148784
-0.00360757
0.0796863
0.179997
0.00176167
-0.300836
-0.352174
-0.0500674
0.238654
0.222308
0.0346186
-0.133032
-0.189659
-0.054988
0.208912
0.368142
0.185328
-0.147577
-0.201181
-0.0265571
-0.0700487
-0.305342
-0.289725
0.0848252
0.278589
0.120526
0.0185472
0.232501
0.321316
0.00915577
-0.263059
-0.183051
-0.0337733
-0.136598
-0.285053
-0.0968104
0.287201
0.41782
0.136607
-0.196976
-0.28071
-0.0984953
0.0694309
0.0416962
-0.0433845
0.0598238
0.253539
0.22439
-0.0944172
-0.374023
-0.304048
0.0408502
0.281338
0.189898
-0.00736049
-0.0280924
0.0697322
0.0262891
-0.197248
-0.311685
-0.088087
0.261253
0.382543
0.129897
-0.18803
-0.219677
-0.0586292
0.0186958
-0.0670279
-0.108094
0.0814485
0.31816
0.247552
-0.104727
-0.378544
-0.274758
0.039471
0.19671
0.112908
-0.000803196
0.0559995
0.141908
0.0260796
-0.251781
-0.331147
-0.102544
0.273742
0.374034
0.121308
-0.147156
-0.145312
-0.000870037
-0.0824438
-0.28004
-0.209742
0.113706
0.282556
0.121952
0.0111305
0.14496
0.221686
-0.0532483
-0.385325
-0.350809
0.00552687
0.289715
0.247858
0.0328643
-0.108583
-0.043819
0.007655
-0.131583
-0.292524
-0.136533
0.231649
0.357563
0.144293
-0.119224
-0.205912
-0.0852601
0.0935883
0.241452
0.195598
-0.108333
-0.359194
-0.234933
0.011743
0.019629
-0.11194
0.00913153
0.300143
0.35008
0.0539553
-0.115697
-0.00324223
0.0290031
-0.193642
-0.368954
-0.139521
0.246768
0.395131
0.159189
-0.150694
-0.245608
-0.0804292
0.00952151
-0.0814637
-0.128696
0.071194
0.344658
0.288552
-0.0383234
-0.273604
-0.208081
0.0226135
0.156325
0.166276
0.00487307
-0.246216
-0.340222
-0.0939858
0.220892
0.199946
0.0296331
0.0940784
0.328355
0.21144
-0.169467
-0.300387
-0.0941158
-0.0392801
-0.257717
-0.270159
0.0908017
0.31692
0.161429
0.0149883
0.182307
0.292879
0.001517
-0.359757
-0.352763
-0.0374312
0.175453
0.158877
0.0267177
-0.15312
-0.252385
-0.0973692
0.236653
0.369521
0.150261
-0.0890351
-0.0392522
0.0831874
-0.114103
-0.406814
-0.299281
0.0507785
0.126862
-0.0560919
0.0493424
0.380849
0.397647
0.0242948
-0.120279
0.0676932
0.0253895
-0.336484
-0.451615
-0.115047
0.0728474
-0.0764145
-0.10124
0.263986
0.458828
0.207491
-0.0464351
0.0845861
0.171274
-0.155949
-0.440362
-0.266388
0.0111331
-0.0770675
-0.19819
0.0480107
0.369792
0.299068
0.024839
0.0103054
0.146053
0.0282831
-0.28377
-0.378321
-0.105231
0.269258
0.360431
0.122224
-0.159087
-0.151317
-0.0116733
-0.0856944
-0.305411
-0.241544
0.131503
0.298027
0.105673
0.0304565
0.269837
0.326066
-0.0435252
-0.322135
-0.156638
-0.00971562
-0.236909
-0.379525
-0.0746631
0.251967
0.185996
0.0169771
0.125601
0.291716
0.137744
-0.240451
-0.415268
-0.180938
0.182339
0.326547
0.138402
-0.0591358
0.0040347
0.0961518
-0.0812787
-0.365759
-0.317497
0.0196883
0.111209
-0.0655028
0.0149679
0.329355
0.379853
0.0680908
-0.125366
-0.00120979
0.0376913
-0.207247
-0.379094
-0.151918
0.238779
0.391243
0.142282
-0.150328
-0.249254
-0.081904
0.0290351
-0.0764331
-0.121882
0.0784346
0.346907
0.288971
-0.0335758
-0.277564
-0.230443
-0.00646388
0.187868
0.1862
-0.00342121
-0.195555
-0.235905
-0.0554154
0.186346
0.241586
0.084035
-0.161928
-0.246306
-0.106619
0.136006
0.24411
0.136403
-0.101635
-0.252111
-0.163056
0.0778664
0.254129
0.189739
-0.0422749
-0.200696
-0.167674
0.0152473
0.213048
0.252457
0.0265916
-0.26789
-0.322311
-0.0691701
0.131398
0.0463515
-0.0266485
0.127846
0.296634
0.168637
-0.178173
-0.359615
-0.185342
0.0910013
0.212319
0.11331
-0.0864809
-0.258538
-0.235066
0.0553317
0.303262
0.228112
0.0046571
-0.0629041
0.0565776
0.0315559
-0.231351
-0.34294
-0.104592
0.24129
0.305077
0.0805515
-0.152778
-0.196885
-0.0925893
0.129232
0.237572
0.139404
-0.109861
-0.268152
-0.167657
0.0657203
0.228087
0.164756
-0.0474487
-0.200462
-0.195556
0.0175567
0.277624
0.317595
0.0418393
-0.247729
-0.1892
-0.0275928
-0.11685
-0.316418
-0.168659
0.214442
0.304235
0.0913181
0.0519684
0.276752
0.241748
-0.125777
-0.326235
-0.14921
-0.00240384
-0.158161
-0.217449
0.0504873
0.370559
0.352126
-0.011754
-0.314988
-0.295255
-0.0149134
0.119961
0.00883658
-0.0319227
0.210865
0.395348
0.14765
-0.157634
-0.126997
0.0145567
-0.13979
-0.377263
-0.243016
0.112625
0.19596
0.0154189
0.040779
0.294671
0.31117
-0.0493409
-0.376378
-0.325759
0.00073158
0.245428
0.20087
0.0114619
-0.060777
0.0553386
0.0278011
-0.205884
-0.351525
-0.144005
0.208551
0.306918
0.114877
-0.118741
-0.175274
-0.100158
0.113655
0.297538
0.22909
-0.0871985
-0.257673
-0.146145
0.0118557
-0.0554987
-0.141303
0.0038052
0.276988
0.333334
0.0460419
-0.292537
-0.331279
-0.0740447
0.144018
0.131664
0.0125604
0.042457
0.155071
0.111538
-0.160152
-0.3628
-0.223565
0.147467
0.37174
0.221328
-0.0676064
-0.143531
-0.000841018
-0.0121189
-0.241824
-0.297636
-0.00614018
0.254568
0.163342
0.0128236
0.140265
0.313326
0.10439
-0.286146
-0.370724
-0.119879
0.135695
0.177194
0.0560139
-0.110741
-0.264948
-0.181588
0.151322
0.375116
0.218014
-0.0487996
-0.029489
0.119021
-0.0507096
-0.370441
-0.354743
-0.0247678
0.105959
-0.0717528
-0.0330169
0.319337
0.441414
0.103922
-0.0884834
0.0857987
0.10132
-0.245388
-0.451166
-0.190816
0.0554064
-0.0712736
-0.174644
0.162946
0.446139
0.253642
-0.0129138
0.0800253
0.206494
-0.0507258
-0.38376
-0.281936
-0.0114073
-0.000139373
-0.143026
-0.0308875
0.285603
0.383375
0.101989
-0.257141
-0.350212
-0.11137
0.152294
0.137456
0.000966865
0.0666924
0.265969
0.219486
-0.133426
-0.282863
-0.13111
-0.0172237
-0.151076
-0.239652
0.0322685
0.36728
0.342972
-0.0187308
-0.323723
-0.281131
-0.0209425
0.112881
0.00930319
-0.0265019
0.211232
0.376004
0.166727
-0.167938
-0.141347
0.0233138
-0.138662
-0.420466
-0.272418
0.101811
0.142437
-0.034673
0.0893556
0.378211
0.342626
-0.0196025
-0.166777
6.49452e-06
-0.00760257
-0.267495
-0.376034
-0.0636968
0.284287
0.28957
0.057051
-0.154626
-0.214408
-0.069971
0.14665
0.234921
0.107659
-0.13703
-0.250569
-0.146472
0.123752
0.326992
0.225892
-0.0903109
-0.250932
-0.138072
0.00603648
-0.060878
-0.146954
-0.00834503
0.286001
0.33773
0.034492
-0.308586
-0.338126
-0.0731744
0.156784
0.151605
0.00988767
0.0458732
0.191883
0.132725
-0.176306
-0.369305
-0.225018
0.123408
0.267624
0.155511
-0.0626494
-0.19216
-0.157908
0.0536341
0.241583
0.226991
-0.00699449
-0.229435
-0.219527
-0.00601961
0.181007
0.207173
0.0363306
-0.170959
-0.258571
-0.0969552
0.223185
0.356405
0.137079
-0.108209
-0.0256551
0.0754591
-0.119668
-0.406208
-0.291576
0.0558364
0.12939
-0.0550984
0.0491833
0.38233
0.382894
0.0340024
-0.12111
0.0578501
0.0265482
-0.337188
-0.433528
-0.109243
0.0970862
-0.0656053
-0.095192
0.242992
0.424925
0.174385
-0.0825762
-0.00459854
0.0915303
-0.116419
-0.374745
-0.299566
0.0964557
0.370807
0.256489
-0.0407602
-0.210326
-0.124433
-0.00692696
-0.0733276
-0.171978
-0.0434238
0.261169
0.355324
0.0811715
-0.213443
-0.248897
-0.0664081
0.114146
0.19668
0.0935855
-0.1864
-0.385407
-0.211903
0.113065
0.198409
0.0159768
0.0501115
0.305314
0.329086
-0.0470588
-0.295742
-0.125427
-0.0215573
-0.246549
-0.391785
-0.0905967
0.256526
0.155114
-0.00240276
0.221559
0.430927
0.195079
-0.188164
-0.168768
0.0235396
-0.147445
-0.413731
-0.269492
0.116499
0.181902
0.0179253
0.0443662
0.318804
0.318085
-0.0458429
-0.348977
-0.268326
0.00568918
0.183025
0.186233
0.00801015
-0.187538
-0.223708
-0.0573874
0.200114
0.251969
0.0891799
-0.168409
-0.240187
-0.0931822
0.121868
0.242053
0.14369
-0.120892
-0.312029
-0.230935
0.0853421
0.259782
0.133497
-0.00610663
0.0542326
0.142149
-0.0167913
-0.277502
-0.334873
-0.0369421
0.296807
0.36334
0.0844121
-0.18926
-0.150831
0.00170337
-0.0884916
-0.293229
-0.185049
0.180623
0.294528
0.0861963
0.0465598
0.250942
0.259972
-0.084957
-0.317349
-0.156272
-0.0184138
-0.157122
-0.257378
-0.010142
0.332818
0.355443
0.0406922
-0.283538
-0.304129
-0.0486359
0.109761
0.0141548
-0.052423
0.164656
0.396441
0.210586
-0.138366
-0.149158
0.0379397
-0.130811
-0.428417
-0.317008
0.0650269
0.14391
-0.0447022
0.0449595
0.361606
0.367133
0.0229135
-0.151687
-0.0136722
0.0200354
-0.222838
-0.364391
-0.102754
0.282929
0.385004
0.127183
-0.199764
-0.257705
-0.0837077
-0.00319867
-0.154013
-0.181119
0.134779
0.395036
0.236058
-0.00103858
0.0778097
0.218926
-0.0578252
-0.418028
-0.337161
-0.0292222
-0.0740989
-0.278194
-0.070291
0.329408
0.348385
0.0727646
0.0789114
0.297424
0.164759
-0.243374
-0.354091
-0.0979547
-0.0445687
-0.2704
-0.242068
0.136528
0.33988
0.143953
0.0110486
0.171873
0.236476
-0.0379609
-0.378277
-0.347122
0.00477685
0.321919
0.281626
0.026579
-0.112565
-0.00311528
0.0230462
-0.216502
-0.386568
-0.15852
0.155112
0.131147
-0.0262152
0.128791
0.374579
0.253311
-0.0947575
-0.193806
-0.0184433
-0.0498988
-0.291501
-0.296505
0.0548718
0.361881
0.323904
-0.00967836
-0.282412
-0.234116
-0.0101797
-0.00310219
-0.134904
-0.0683356
0.24906
0.370947
0.128
-0.0840862
0.0122399
0.0855391
-0.14933
-0.403172
-0.24684
0.12692
0.324044
0.177387
-0.0545097
-0.195755
-0.147891
0.0530073
0.225567
0.208243
-0.0178576
-0.236866
-0.242846
-0.0210852
0.183812
0.200085
0.0335472
-0.17242
-0.243535
-0.0830639
0.191339
0.325637
0.145414
-0.123729
-0.166897
-0.018261
-0.0246146
-0.173663
-0.185883
0.0798592
0.333784
0.285899
-0.0577146
-0.353259
-0.290578
0.0130446
0.137219
0.017417
-0.0158729
0.236481
0.380193
0.11009
-0.197546
-0.144626
0.00858771
-0.149584
-0.372377
-0.201828
0.168077
0.193294
0.0212864
0.0652812
0.289001
0.268342
-0.0969831
-0.403471
-0.291948
0.0642704
0.272041
0.186614
-0.00569071
-0.0408326
0.0479938
0.0143802
-0.231529
-0.349359
-0.0987344
0.244234
0.305901
0.0784175
-0.108538
-0.173966
-0.0660576
0.142395
0.316493
0.206219
-0.143749
-0.29873
-0.131531
-0.00048723
-0.140203
-0.22457
0.0409051
0.336378
0.264729
0.00614971
0.00446774
0.160933
0.0339353
-0.315847
-0.403
-0.102765
0.217612
0.238858
0.069678
-0.12213
-0.193779
-0.0790693
0.148241
0.268134
0.145045
-0.111306
-0.246286
-0.152971
0.0908593
0.257086
0.182175
-0.0304854
-0.221179
-0.196899
0.0203386
0.228089
0.226008
0.0181347
-0.195004
-0.231471
-0.0454569
0.159229
0.206366
0.0729386
-0.169753
-0.271619
-0.13477
0.207863
0.363005
0.171189
-0.0591202
-0.0230902
0.0947129
-0.0834232
-0.363422
-0.297229
0.0171081
0.148111
0.0174627
0.002599
0.26785
0.370467
0.0577994
-0.294651
-0.303458
-0.0600653
0.157169
0.204802
0.069725
-0.137502
-0.229569
-0.100512
0.147683
0.275306
0.156459
-0.104704
-0.229046
-0.135031
0.0755595
0.228295
0.174261
-0.055772
-0.306156
-0.28617
0.0136291
0.262174
0.178757
0.0169172
0.124427
0.290837
0.109429
-0.261193
-0.309706
-0.0656745
-0.058267
-0.277611
-0.182548
0.18229
0.336853
0.125743
-0.00327807
0.150425
0.200556
-0.102987
-0.401222
-0.331312
0.0421329
0.319216
0.245632
-0.0139149
-0.127254
-0.0249018
0.00227642
-0.147369
-0.274047
-0.0920124
0.264928
0.36321
0.109977
-0.148025
-0.19543
-0.0599696
0.118523
0.256689
0.176538
-0.158005
-0.363128
-0.210643
0.0457481
0.0307464
-0.110155
0.040955
0.345921
0.329768
0.0151066
-0.139384
-0.00384915
0.00761847
-0.223028
-0.356665
-0.10713
0.275591
0.388209
0.120726
-0.20324
-0.25821
-0.0639836
0.000137982
-0.151932
-0.153917
0.169464
0.381754
0.225695
-0.00610512
0.0808514
0.190528
-0.0517172
-0.373496
-0.314097
-0.0297011
-7.25615e-05
-0.145
-0.0425453
0.284012
0.383452
0.0783449
-0.287342
-0.356713
-0.113047
0.140407
0.142944
0.00787619
0.0536645
0.241281
0.190041
-0.132294
-0.325955
-0.187918
0.0385494
0.0514475
-0.0350152
0.00273202
0.0834304
0.083364
0.018123
0.0166901
0.0213905
0.00477748
-0.0134534
-0.00811445
-0.00643801
-0.000530138
-0.022125
-0.00440562
-0.000661774
-0.00226935
-0.00254192
