0
-0.0065
-0.0087
-0.0054
0.0035
0.0149
0.0232
0.0288
0.0173
-0.0116
-0.0507
-0.0845
-0.0935
-0.0538
0.0311
0.153
0.2883
0.4054
0.4729
0.4752
0.3949
0.2425
0.0437
-0.1654
-0.3477
-0.4688
-0.527
-0.5285
-0.4927
-0.4436
-0.4011
-0.3705
-0.3632
-0.3744
-0.3948
-0.415
-0.427
-0.4281
-0.427
-0.415
-0.3948
-0.3744
-0.3632
-0.3705
-0.3924
-0.4382
-0.4962
-0.5434
-0.5502
-0.5041
-0.365
-0.1538
0.0944
0.327
0.4884
0.5355
0.4592
0.2632
-0.007
-0.2822
-0.4882
-0.5801
-0.5056
-0.293
3.90313e-18
0.293
0.5056
0.5801
0.5056
0.293
-3.90313e-18
-0.293
-0.5056
-0.5671
-0.4882
-0.2822
-0.007
0.2632
0.4592
0.5225
0.471
0.3162
0.1014
-0.124
-0.3186
-0.4465
-0.533
-0.5774
-0.5906
-0.5774
-0.533
-0.4465
-0.3012
-0.1132
0.0944
0.2864
0.4246
0.4909
0.442
0.2972
0.0874
-0.143
-0.3476
-0.5041
-0.5676
-0.5542
-0.4892
-0.4084
-0.346
-0.3389
-0.3634
-0.4192
-0.4822
-0.5244
-0.5212
-0.4595
-0.3478
-0.1878
-9.97466e-18
0.1878
0.3478
0.4595
0.5212
0.5244
0.4822
0.4192
0.3634
0.3259
0.346
0.4084
0.4892
0.5542
0.5676
0.4911
0.3476
0.143
-0.0874
-0.2972
-0.442
-0.4909
-0.442
-0.2972
-0.0874
0.143
0.3476
0.4911
0.5502
0.5434
0.4962
0.4382
0.3924
0.3835
0.3806
0.3852
0.3878
0.3852
0.3806
0.3705
0.3924
0.4382
0.4962
0.5434
0.5502
0.4911
0.3476
0.143
-0.0874
-0.2972
-0.442
-0.4779
-0.4246
-0.2864
-0.0944
0.1132
0.3012
0.4595
0.5504
0.5882
0.5836
0.5476
0.4866
0.4019
0.284
0.1472
3.90313e-18
-0.1472
-0.284
-0.4019
-0.4866
-0.5476
-0.5836
-0.5882
-0.5504
-0.4465
-0.3012
-0.1132
0.0944
0.2864
0.4246
0.4779
0.4246
0.2864
0.0944
-0.1132
-0.3012
-0.4595
-0.5504
-0.5882
-0.5836
-0.5476
-0.4866
-0.4019
-0.284
-0.1472
-3.90313e-18
0.1472
0.284
0.4019
0.4866
0.5476
0.5836
0.5882
0.5504
0.4595
0.3186
0.124
-0.1014
-0.3162
-0.471
-0.5225
-0.4418
-0.2524
9.97466e-18
0.2524
0.4418
0.5355
0.4884
0.327
0.0944
-0.1538
-0.365
-0.4911
-0.5502
-0.5434
-0.4962
-0.4382
-0.3924
-0.3835
-0.3806
-0.3852
-0.3878
-0.3852
-0.3806
-0.3705
-0.3924
-0.4382
-0.4962
-0.5434
-0.5502
-0.5041
-0.365
-0.1538
0.0944
0.327
0.4884
0.5225
0.4418
0.2524
-9.97466e-18
-0.2524
-0.4418
-0.5225
-0.471
-0.3162
-0.1014
0.124
0.3186
0.4465
0.533
0.5774
0.5906
0.5774
0.533
0.4465
0.3012
0.1132
-0.0944
-0.2864
-0.4246
-0.4909
-0.442
-0.2972
-0.0874
0.143
0.3476
0.5041
0.5676
0.5542
0.4892
0.4084
0.346
0.3389
0.3634
0.4192
0.4822
0.5244
0.5212
0.4595
0.3478
0.1878
9.97466e-18
-0.1878
-0.3478
-0.4465
-0.5038
-0.5136
-0.4892
-0.449
-0.4098
-0.3835
-0.3806
-0.3852
-0.3878
-0.3852
-0.3806
-0.3705
-0.3924
-0.4382
-0.4962
-0.5434
-0.5502
-0.5041
-0.365
-0.1538
0.0944
0.327
0.4884
0.5355
0.4592
0.2632
-0.007
-0.2822
-0.4882
-0.5671
-0.4882
-0.2822
-0.007
0.2632
0.4592
0.5355
0.4884
0.327
0.0944
-0.1538
-0.365
-0.4911
-0.5502
-0.5434
-0.4962
-0.4382
-0.3924
-0.3705
-0.3632
-0.3744
-0.3948
-0.415
-0.427
-0.4281
-0.427
-0.415
-0.3948
-0.3744
-0.3632
-0.3705
-0.3924
-0.4382
-0.4962
-0.5434
-0.5502
-0.4911
-0.3476
-0.143
0.0874
0.2972
0.442
0.4909
0.442
0.2972
0.0874
-0.143
-0.3476
-0.4911
-0.5502
-0.5434
-0.4962
-0.4382
-0.3924
-0.3705
-0.3632
-0.3744
-0.3948
-0.415
-0.427
-0.4281
-0.427
-0.415
-0.3948
-0.3744
-0.3632
-0.3835
-0.4098
-0.449
-0.4892
-0.5136
-0.5038
-0.4595
-0.3478
-0.1878
-9.97466e-18
0.1878
0.3478
0.4595
0.5212
0.5244
0.4822
0.4192
0.3634
0.3259
0.346
0.4084
0.4892
0.5542
0.5676
0.5041
0.365
0.1538
-0.0944
-0.327
-0.4884
-0.5225
-0.4418
-0.2524
9.97466e-18
0.2524
0.4418
0.5225
0.471
0.3162
0.1014
-0.124
-0.3186
-0.4465
-0.533
-0.5774
-0.5906
-0.5774
-0.533
-0.4465
-0.3012
-0.1132
0.0944
0.2864
0.4246
0.4779
0.4246
0.2864
0.0944
-0.1132
-0.3012
-0.4465
-0.533
-0.5774
-0.5906
-0.5774
-0.533
-0.4595
-0.3186
-0.124
0.1014
0.3162
0.471
0.5355
0.4592
0.2632
-0.007
-0.2822
-0.4882
-0.5671
-0.4882
-0.2822
-0.007
0.2632
0.4592
0.5225
0.471
0.3162
0.1014
-0.124
-0.3186
-0.4465
-0.533
-0.5774
-0.5906
-0.5774
-0.533
-0.4595
-0.3186
-0.124
0.1014
0.3162
0.471
0.5355
0.4592
0.2632
-0.007
-0.2822
-0.4882
-0.5671
-0.4882
-0.2822
-0.007
0.2632
0.4592
0.5225
0.471
0.3162
0.1014
-0.124
-0.3186
-0.4465
-0.533
-0.5774
-0.5906
-0.5774
-0.533
-0.4595
-0.3186
-0.124
0.1014
0.3162
0.471
0.5225
0.4418
0.2524
-9.97466e-18
-0.2524
-0.4418
-0.5225
-0.471
-0.3162
-0.1014
0.124
0.3186
0.4465
0.533
0.5774
0.5906
0.5774
0.533
0.4595
0.3186
0.124
-0.1014
-0.3162
-0.471
-0.5355
-0.4592
-0.2632
0.007
0.2822
0.4882
0.5671
0.4882
0.2822
0.007
-0.2632
-0.4592
-0.5225
-0.471
-0.3162
-0.1014
0.124
0.3186
0.4595
0.5504
0.5882
0.5836
0.5476
0.4866
0.4019
0.284
0.1472
3.90313e-18
-0.1472
-0.284
-0.4019
-0.4866
-0.5476
-0.5836
-0.5882
-0.5504
-0.4465
-0.3012
-0.1132
0.0944
0.2864
0.4246
0.4779
0.4246
0.2864
0.0944
-0.1132
-0.3012
-0.4465
-0.533
-0.5774
-0.5906
-0.5774
-0.533
-0.4595
-0.3186
-0.124
0.1014
0.3162
0.471
0.5355
0.4592
0.2632
-0.007
-0.2822
-0.4882
-0.5671
-0.4882
-0.2822
-0.007
0.2632
0.4592
0.5355
0.4884
0.327
0.0944
-0.1538
-0.365
-0.5041
-0.5676
-0.5542
-0.4892
-0.4084
-0.346
-0.3389
-0.3634
-0.4192
-0.4822
-0.5244
-0.5212
-0.4595
-0.3478
-0.1878
-9.97466e-18
0.1878
0.3478
0.4465
0.5038
0.5136
0.4892
0.449
0.4098
0.3835
0.3806
0.3852
0.3878
0.3852
0.3806
0.3705
0.3924
0.4382
0.4962
0.5434
0.5502
0.4911
0.3476
0.143
-0.0874
-0.2972
-0.442
-0.4779
-0.4246
-0.2864
-0.0944
0.1132
0.3012
0.4465
0.533
0.5774
0.5906
0.5774
0.533
0.4595
0.3186
0.124
-0.1014
-0.3162
-0.471
-0.5355
-0.4592
-0.2632
0.007
0.2822
0.4882
0.5801
0.5056
0.293
-3.90313e-18
-0.293
-0.5056
-0.5801
-0.5056
-0.293
3.90313e-18
0.293
0.5056
0.5801
0.5056
0.293
-3.90313e-18
-0.293
-0.5056
-0.5801
-0.5056
-0.293
3.90313e-18
0.293
0.5056
0.5801
0.5056
0.293
-3.90313e-18
-0.293
-0.5056
-0.5801
-0.5056
-0.293
3.90313e-18
0.293
0.5056
0.5801
0.5056
0.293
-3.90313e-18
-0.293
-0.5056
-0.5801
-0.5056
-0.293
3.90313e-18
0.293
0.5056
0.5671
0.4882
0.2822
0.007
-0.2632
-0.4592
-0.5225
-0.471
-0.3162
-0.1014
0.124
0.3186
0.4465
0.533
0.5774
0.5906
0.5774
0.533
0.4595
0.3186
0.124
-0.1014
-0.3162
-0.471
-0.5355
-0.4592
-0.2632
0.007
0.2822
0.4882
0.5801
0.5056
0.293
-3.90313e-18
-0.293
-0.5056
-0.5801
-0.5056
-0.293
3.90313e-18
0.293
0.5056
0.5801
0.5056
0.293
-3.90313e-18
-0.293
-0.5056
-0.5671
-0.4882
-0.2822
-0.007
0.2632
0.4592
0.5355
0.4884
0.327
0.0944
-0.1538
-0.365
-0.4911
-0.5502
-0.5434
-0.4962
-0.4382
-0.3924
-0.3705
-0.3632
-0.3744
-0.3948
-0.415
-0.427
-0.4151
-0.4096
-0.4042
-0.4018
-0.4042
-0.4096
-0.4151
-0.4096
-0.4042
-0.4018
-0.4042
-0.4096
-0.4151
-0.4096
-0.4042
-0.4018
-0.4042
-0.4096
-0.4151
-0.4096
-0.4042
-0.4018
-0.4042
-0.4096
-0.4151
-0.4096
-0.4042
-0.4018
-0.4042
-0.4096
-0.4151
-0.4096
-0.4042
-0.4018
-0.4042
-0.4096
-0.4281
-0.427
-0.415
-0.3948
-0.3744
-0.3632
-0.3705
-0.3924
-0.4382
-0.4962
-0.5434
-0.5502
-0.5041
-0.365
-0.1538
0.0944
0.327
0.4884
0.5225
0.4418
0.2524
-9.97466e-18
-0.2524
-0.4418
-0.5225
-0.471
-0.3162
-0.1014
0.124
0.3186
0.4595
0.5504
0.5882
0.5836
0.5476
0.4866
0.4149
0.3014
0.158
-0.007
-0.177
-0.3304
-0.4595
-0.5212
-0.5244
-0.4822
-0.4192
-0.3634
-0.3259
-0.346
-0.4084
-0.4892
-0.5542
-0.5676
-0.4911
-0.3476
-0.143
0.0874
0.2972
0.442
0.4779
0.4246
0.2864
0.0944
-0.1132
-0.3012
-0.4595
-0.5504
-0.5882
-0.5836
-0.5476
-0.4866
-0.4149
-0.3014
-0.158
0.007
0.177
0.3304
0.4595
0.5212
0.5244
0.4822
0.4192
0.3634
0.3259
0.346
0.4084
0.4892
0.5542
0.5676
0.4911
0.3476
0.143
-0.0874
-0.2972
-0.442
-0.4779
-0.4246
-0.2864
-0.0944
0.1132
0.3012
0.4595
0.5504
0.5882
0.5836
0.5476
0.4866
0.4149
0.3014
0.158
-0.007
-0.177
-0.3304
-0.4595
-0.5212
-0.5244
-0.4822
-0.4192
-0.3634
-0.3389
-0.3634
-0.4192
-0.4822
-0.5244
-0.5212
-0.4595
-0.3478
-0.1878
-9.97466e-18
0.1878
0.3478
0.4595
0.5212
0.5244
0.4822
0.4192
0.3634
0.3259
0.346
0.4084
0.4892
0.5542
0.5676
0.4911
0.3476
0.143
-0.0874
-0.2972
-0.442
-0.4909
-0.442
-0.2972
-0.0874
0.143
0.3476
0.5041
0.5676
0.5542
0.4892
0.4084
0.346
0.3389
0.3634
0.4192
0.4822
0.5244
0.5212
0.4465
0.3304
0.177
0.007
-0.158
-0.3014
-0.4019
-0.4866
-0.5476
-0.5836
-0.5882
-0.5504
-0.4465
-0.3012
-0.1132
0.0944
0.2864
0.4246
0.4779
0.4246
0.2864
0.0944
-0.1132
-0.3012
-0.4465
-0.533
-0.5774
-0.5906
-0.5774
-0.533
-0.4465
-0.3012
-0.1132
0.0944
0.2864
0.4246
0.4779
0.4246
0.2864
0.0944
-0.1132
-0.3012
-0.4465
-0.533
-0.5774
-0.5906
-0.5774
-0.533
-0.4595
-0.3186
-0.124
0.1014
0.3162
0.471
0.5355
0.4592
0.2632
-0.007
-0.2822
-0.4882
-0.5671
-0.4882
-0.2822
-0.007
0.2632
0.4592
0.5355
0.4884
0.327
0.0944
-0.1538
-0.365
-0.4911
-0.5502
-0.5434
-0.4962
-0.4382
-0.3924
-0.3705
-0.3632
-0.3744
-0.3948
-0.415
-0.427
-0.4281
-0.427
-0.415
-0.3948
-0.3744
-0.3632
-0.3835
-0.4098
-0.449
-0.4892
-0.5136
-0.5038
-0.4465
-0.3304
-0.177
-0.007
0.158
0.3014
0.4019
0.4866
0.5476
0.5836
0.5882
0.5504
0.4465
0.3012
0.1132
-0.0944
-0.2864
-0.4246
-0.4779
-0.4246
-0.2864
-0.0944
0.1132
0.3012
0.4465
0.533
0.5774
0.5906
0.5774
0.533
0.4595
0.3186
0.124
-0.1014
-0.3162
-0.471
-0.5225
-0.4418
-0.2524
9.97466e-18
0.2524
0.4418
0.5355
0.4884
0.327
0.0944
-0.1538
-0.365
-0.4911
-0.5502
-0.5434
-0.4962
-0.4382
-0.3924
-0.3705
-0.3632
-0.3744
-0.3948
-0.415
-0.427
-0.4281
-0.427
-0.415
-0.3948
-0.3744
-0.3632
-0.3705
-0.3924
-0.4382
-0.4962
-0.5434
-0.5502
-0.5041
-0.365
-0.1538
0.0944
0.327
0.4884
0.5355
0.4592
0.2632
-0.007
-0.2822
-0.4882
-0.5801
-0.5056
-0.293
3.90313e-18
0.293
0.5056
0.5801
0.5056
0.293
-3.90313e-18
-0.293
-0.5056
-0.5801
-0.5056
-0.293
3.90313e-18
0.293
0.5056
0.5801
0.5056
0.293
-3.90313e-18
-0.293
-0.5056
-0.5801
-0.5056
-0.293
3.90313e-18
0.293
0.5056
0.5671
0.4882
0.2822
0.007
-0.2632
-0.4592
-0.5355
-0.4884
-0.327
-0.0944
0.1538
0.365
0.4911
0.5502
0.5434
0.4962
0.4382
0.3924
0.3705
0.3632
0.3744
0.3948
0.415
0.427
0.4151
0.4096
0.4042
0.4018
0.4042
0.4096
0.4151
0.4096
0.4042
0.4018
0.4042
0.4096
0.4281
0.427
0.415
0.3948
0.3744
0.3632
0.3705
0.3924
0.4382
0.4962
0.5434
0.5502
0.5041
0.365
0.1538
-0.0944
-0.327
-0.4884
-0.5225
-0.4418
-0.2524
9.97466e-18
0.2524
0.4418
0.5225
0.471
0.3162
0.1014
-0.124
-0.3186
-0.4465
-0.533
-0.5774
-0.5906
-0.5774
-0.533
-0.4595
-0.3186
-0.124
0.1014
0.3162
0.471
0.5355
0.4592
0.2632
-0.007
-0.2822
-0.4882
-0.5801
-0.5056
-0.293
3.90313e-18
0.293
0.5056
0.5671
0.4882
0.2822
0.007
-0.2632
-0.4592
-0.5355
-0.4884
-0.327
-0.0944
0.1538
0.365
0.4911
0.5502
0.5434
0.4962
0.4382
0.3924
0.3835
0.3806
0.3852
0.3878
0.3852
0.3806
0.3835
0.4098
0.449
0.4892
0.5136
0.5038
0.4595
0.3478
0.1878
9.97466e-18
-0.1878
-0.3478
-0.4595
-0.5212
-0.5244
-0.4822
-0.4192
-0.3634
-0.3389
-0.3634
-0.4192
-0.4822
-0.5244
-0.5212
-0.4465
-0.3304
-0.177
-0.007
0.158
0.3014
0.4019
0.4866
0.5476
0.5836
0.5882
0.5504
0.4465
0.3012
0.1132
-0.0944
-0.2864
-0.4246
-0.4909
-0.442
-0.2972
-0.0874
0.143
0.3476
0.4911
0.5502
0.5434
0.4962
0.4382
0.3924
0.3705
0.3632
0.3744
0.3948
0.415
0.427
0.4281
0.427
0.415
0.3948
0.3744
0.3632
0.3705
0.3924
0.4382
0.4962
0.5434
0.5502
0.5041
0.365
0.1538
-0.0944
-0.327
-0.4884
-0.5225
-0.4418
-0.2524
9.97466e-18
0.2524
0.4418
0.5225
0.471
0.3162
0.1014
-0.124
-0.3186
-0.4595
-0.5504
-0.5882
-0.5836
-0.5476
-0.4866
-0.4149
-0.3014
-0.158
0.007
0.177
0.3304
0.4465
0.5038
0.5136
0.4892
0.449
0.4098
0.3705
0.3632
0.3744
0.3948
0.415
0.427
0.4281
0.427
0.415
0.3948
0.3744
0.3632
0.3835
0.4098
0.449
0.4892
0.5136
0.5038
0.4465
0.3304
0.177
0.007
-0.158
-0.3014
-0.4019
-0.4866
-0.5476
-0.5836
-0.5882
-0.5504
-0.4595
-0.3186
-0.124
0.1014
0.3162
0.471
0.5225
0.4418
0.2524
-9.97466e-18
-0.2524
-0.4418
-0.5225
-0.471
-0.3162
-0.1014
0.124
0.3186
0.4595
0.5504
0.5882
0.5836
0.5476
0.4866
0.4019
0.284
0.1472
3.90313e-18
-0.1472
-0.284
-0.4149
-0.504
-0.5584
-0.5766
-0.5584
-0.504
-0.4019
-0.284
-0.1472
-3.90313e-18
0.1472
0.284
0.4149
0.504
0.5584
0.5766
0.5584
0.504
0.4019
0.284
0.1472
3.90313e-18
-0.1472
-0.284
-0.4149
-0.504
-0.5584
-0.5766
-0.5584
-0.504
-0.4019
-0.284
-0.1472
-3.90313e-18
0.1472
0.284
0.4149
0.504
0.5584
0.5766
0.5584
0.504
0.4149
0.3014
0.158
-0.007
-0.177
-0.3304
-0.4595
-0.5212
-0.5244
-0.4822
-0.4192
-0.3634
-0.3389
-0.3634
-0.4192
-0.4822
-0.5244
-0.5212
-0.4465
-0.3304
-0.177
-0.007
0.158
0.3014
0.4019
0.4866
0.5476
0.5836
0.5882
0.5504
0.4595
0.3186
0.124
-0.1014
-0.3162
-0.471
-0.5225
-0.4418
-0.2524
9.97466e-18
0.2524
0.4418
0.5355
0.4884
0.327
0.0944
-0.1538
-0.365
-0.5041
-0.5676
-0.5542
-0.4892
-0.4084
-0.346
-0.3389
-0.3634
-0.4192
-0.4822
-0.5244
-0.5212
-0.4595
-0.3478
-0.1878
-9.97466e-18
0.1878
0.3478
0.4595
0.5212
0.5244
0.4822
0.4192
0.3634
0.3389
0.3634
0.4192
0.4822
0.5244
0.5212
0.4465
0.3304
0.177
0.007
-0.158
-0.3014
-0.4019
-0.4866
-0.5476
-0.5836
-0.5882
-0.5504
-0.4595
-0.3186
-0.124
0.1014
0.3162
0.471
0.5225
0.4418
0.2524
-9.97466e-18
-0.2524
-0.4418
-0.5225
-0.471
-0.3162
-0.1014
0.124
0.3186
0.4465
0.533
0.5774
0.5906
0.5774
0.533
0.4465
0.3012
0.1132
-0.0944
-0.2864
-0.4246
-0.4779
-0.4246
-0.2864
-0.0944
0.1132
0.3012
0.4465
0.533
0.5774
0.5906
0.5774
0.533
0.4465
0.3012
0.1132
-0.0944
-0.2864
-0.4246
-0.4909
-0.442
-0.2972
-0.0874
0.143
0.3476
0.5041
0.5676
0.5542
0.4892
0.4084
0.346
0.3389
0.3634
0.4192
0.4822
0.5244
0.5212
0.4465
0.3304
0.177
0.007
-0.158
-0.3014
-0.4149
-0.504
-0.5584
-0.5766
-0.5584
-0.504
-0.4019
-0.284
-0.1472
-3.90313e-18
0.1472
0.284
0.4149
0.504
0.5584
0.5766
0.5584
0.504
0.4019
0.284
0.1472
3.90313e-18
-0.1472
-0.284
-0.4149
-0.504
-0.5584
-0.5766
-0.5584
-0.504
-0.4019
-0.284
-0.1472
-3.90313e-18
0.1472
0.284
0.4019
0.4866
0.5476
0.5836
0.5882
0.5504
0.4595
0.3186
0.124
-0.1014
-0.3162
-0.471
-0.5225
-0.4418
-0.2524
9.97466e-18
0.2524
0.4418
0.5355
0.4884
0.327
0.0944
-0.1538
-0.365
-0.5041
-0.5676
-0.5542
-0.4892
-0.4084
-0.346
-0.3259
-0.346
-0.4084
-0.4892
-0.5542
-0.5676
-0.4911
-0.3476
-0.143
0.0874
0.2972
0.442
0.4779
0.4246
0.2864
0.0944
-0.1132
-0.3012
-0.4465
-0.533
-0.5774
-0.5906
-0.5774
-0.533
-0.4595
-0.3186
-0.124
0.1014
0.3162
0.471
0.5355
0.4592
0.2632
-0.007
-0.2822
-0.4882
-0.5801
-0.5056
-0.293
3.90313e-18
0.293
0.5056
0.5801
0.5056
0.293
-3.90313e-18
-0.293
-0.5056
-0.5801
-0.5056
-0.293
3.90313e-18
0.293
0.5056
0.5671
0.4882
0.2822
0.007
-0.2632
-0.4592
-0.5355
-0.4884
-0.327
-0.0944
0.1538
0.365
0.4911
0.5502
0.5434
0.4962
0.4382
0.3924
0.3705
0.3632
0.3744
0.3948
0.415
0.427
0.4151
0.4096
0.4042
0.4018
0.4042
0.4096
0.4281
0.427
0.415
0.3948
0.3744
0.3632
0.3835
0.4098
0.449
0.4892
0.5136
0.5038
0.4595
0.3478
0.1878
9.97466e-18
-0.1878
-0.3478
-0.4595
-0.5212
-0.5244
-0.4822
-0.4192
-0.3634
-0.3259
-0.346
-0.4084
-0.4892
-0.5542
-0.5676
-0.5041
-0.365
-0.1538
0.0944
0.327
0.4884
0.5355
0.4592
0.2632
-0.007
-0.2822
-0.4882
-0.5671
-0.4882
-0.2822
-0.007
0.2632
0.4592
0.5225
0.471
0.3162
0.1014
-0.124
-0.3186
-0.4465
-0.533
-0.5774
-0.5906
-0.5774
-0.533
-0.4465
-0.3012
-0.1132
0.0944
0.2864
0.4246
0.4779
0.4246
0.2864
0.0944
-0.1132
-0.3012
-0.4465
-0.533
-0.5774
-0.5906
-0.5774
-0.533
-0.4595
-0.3186
-0.124
0.1014
0.3162
0.471
0.5355
0.4592
0.2632
-0.007
-0.2822
-0.4882
-0.5801
-0.5056
-0.293
3.90313e-18
0.293
0.5056
0.5801
0.5056
0.293
-3.90313e-18
-0.293
-0.5056
-0.5801
-0.5056
-0.293
3.90313e-18
0.293
0.5056
0.5801
0.5056
0.293
-3.90313e-18
-0.293
-0.5056
-0.5671
-0.4882
-0.2822
-0.007
0.2632
0.4592
0.5225
0.471
0.3162
0.1014
-0.124
-0.3186
-0.4465
-0.533
-0.5774
-0.5906
-0.5774
-0.533
-0.4465
-0.3012
-0.1132
0.0944
0.2864
0.4246
0.4909
0.442
0.2972
0.0874
-0.143
-0.3476
-0.5041
-0.5676
-0.5542
-0.4892
-0.4084
-0.346
-0.3259
-0.346
-0.4084
-0.4892
-0.5542
-0.5676
-0.5041
-0.365
-0.1538
0.0944
0.327
0.4884
0.5355
0.4592
0.2632
-0.007
-0.2822
-0.4882
-0.5801
-0.5056
-0.293
3.90313e-18
0.293
0.5056
0.5671
0.4882
0.2822
0.007
-0.2632
-0.4592
-0.5355
-0.4884
-0.327
-0.0944
0.1538
0.365
0.5041
0.5676
0.5542
0.4892
0.4084
0.346
0.3389
0.3634
0.4192
0.4822
0.5244
0.5212
0.4595
0.3478
0.1878
9.97466e-18
-0.1878
-0.3478
-0.4465
-0.5038
-0.5136
-0.4892
-0.449
-0.4098
-0.3835
-0.3806
-0.3852
-0.3878
-0.3852
-0.3806
-0.3835
-0.4098
-0.449
-0.4892
-0.5136
-0.5038
-0.4595
-0.3478
-0.1878
-9.97466e-18
0.1878
0.3478
0.4465
0.5038
0.5136
0.4892
0.449
0.4098
0.3835
0.3806
0.3852
0.3878
0.3852
0.3806
0.3835
0.4098
0.449
0.4892
0.5136
0.5038
0.4465
0.3304
0.177
0.007
-0.158
-0.3014
-0.4019
-0.4866
-0.5476
-0.5836
-0.5882
-0.5504
-0.4465
-0.3012
-0.1132
0.0944
0.2864
0.4246
0.4779
0.4246
0.2864
0.0944
-0.1132
-0.3012
-0.4595
-0.5504
-0.5882
-0.5836
-0.5476
-0.4866
-0.4019
-0.284
-0.1472
-3.90313e-18
0.1472
0.284
0.4149
0.504
0.5584
0.5766
0.5584
0.504
0.4149
0.3014
0.158
-0.007
-0.177
-0.3304
-0.4595
-0.5212
-0.5244
-0.4822
-0.4192
-0.3634
-0.3389
-0.3634
-0.4192
-0.4822
-0.5244
-0.5212
-0.4465
-0.3304
-0.177
-0.007
0.158
0.3014
0.4019
0.4866
0.5476
0.5836
0.5882
0.5504
0.4595
0.3186
0.124
-0.1014
-0.3162
-0.471
-0.5225
-0.4418
-0.2524
9.97466e-18
0.2524
0.4418
0.5355
0.4884
0.327
0.0944
-0.1538
-0.365
-0.5041
-0.5676
-0.5542
-0.4892
-0.4084
-0.346
-0.3259
-0.346
-0.4084
-0.4892
-0.5542
-0.5676
-0.4911
-0.3476
-0.143
0.0874
0.2972
0.442
0.4909
0.442
0.2972
0.0874
-0.143
-0.3476
-0.4911
-0.5502
-0.5434
-0.4962
-0.4382
-0.3924
-0.3835
-0.3806
-0.3852
-0.3878
-0.3852
-0.3806
-0.3835
-0.4098
-0.449
-0.4892
-0.5136
-0.5038
-0.4465
-0.3304
-0.177
-0.007
0.158
0.3014
0.4149
0.504
0.5584
0.5766
0.5584
0.504
0.4019
0.284
0.1472
3.90313e-18
-0.1472
-0.284
-0.4019
-0.4866
-0.5476
-0.5836
-0.5882
-0.5504
-0.4465
-0.3012
-0.1132
0.0944
0.2864
0.4246
0.4909
0.442
0.2972
0.0874
-0.143
-0.3476
-0.4911
-0.5502
-0.5434
-0.4962
-0.4382
-0.3924
-0.3705
-0.3632
-0.3744
-0.3948
-0.415
-0.427
-0.4151
-0.4096
-0.4042
-0.4018
-0.4042
-0.4096
-0.4151
-0.4096
-0.4042
-0.4018
-0.4042
-0.4096
-0.4281
-0.427
-0.415
-0.3948
-0.3744
-0.3632
-0.3835
-0.4098
-0.449
-0.4892
-0.5136
-0.5038
-0.4465
-0.3304
-0.177
-0.007
0.158
0.3014
0.4149
0.504
0.5584
0.5766
0.5584
0.504
0.4149
0.3014
0.158
-0.007
-0.177
-0.3304
-0.4465
-0.5038
-0.5136
-0.4892
-0.449
-0.4098
-0.3835
-0.3806
-0.3852
-0.3878
-0.3852
-0.3806
-0.3705
-0.3924
-0.4382
-0.4962
-0.5434
-0.5502
-0.5041
-0.365
-0.1538
0.0944
0.327
0.4884
0.5355
0.4592
0.2632
-0.007
-0.2822
-0.4882
-0.5671
-0.4882
-0.2822
-0.007
0.2632
0.4592
0.5355
0.4884
0.327
0.0944
-0.1538
-0.365
-0.4911
-0.5502
-0.5434
-0.4962
-0.4382
-0.3924
-0.3705
-0.3632
-0.3744
-0.3948
-0.415
-0.427
-0.4281
-0.427
-0.415
-0.3948
-0.3744
-0.3632
-0.3705
-0.3924
-0.4382
-0.4962
-0.5434
-0.5502
-0.5041
-0.365
-0.1538
0.0944
0.327
0.4884
0.5355
0.4592
0.2632
-0.007
-0.2822
-0.4882
-0.5671
-0.4882
-0.2822
-0.007
0.2632
0.4592
0.5225
0.471
0.3162
0.1014
-0.124
-0.3186
-0.4465
-0.533
-0.5774
-0.5906
-0.5774
-0.533
-0.4595
-0.3186
-0.124
0.1014
0.3162
0.471
0.5225
0.4418
0.2524
-9.97466e-18
-0.2524
-0.4418
-0.5225
-0.471
-0.3162
-0.1014
0.124
0.3186
0.4595
0.5504
0.5882
0.5836
0.5476
0.4866
0.4019
0.284
0.1472
3.90313e-18
-0.1472
-0.284
-0.4019
-0.4866
-0.5476
-0.5836
-0.5882
-0.5504
-0.4595
-0.3186
-0.124
0.1014
0.3162
0.471
0.5355
0.4592
0.2632
-0.007
-0.2822
-0.4882
-0.5671
-0.4882
-0.2822
-0.007
0.2632
0.4592
0.5225
0.471
0.3162
0.1014
-0.124
-0.3186
-0.4465
-0.533
-0.5774
-0.5906
-0.5774
-0.533
-0.4465
-0.3012
-0.1132
0.0944
0.2864
0.4246
0.4779
0.4246
0.2864
0.0944
-0.1132
-0.3012
-0.4465
-0.533
-0.5774
-0.5906
-0.5774
-0.533
-0.4595
-0.3186
-0.124
0.1014
0.3162
0.471
0.5355
0.4592
0.2632
-0.007
-0.2822
-0.4882
-0.5671
-0.4882
-0.2822
-0.007
0.2632
0.4592
0.5225
0.471
0.3162
0.1014
-0.124
-0.3186
-0.4595
-0.5504
-0.5882
-0.5836
-0.5476
-0.4866
-0.4019
-0.284
-0.1472
-3.90313e-18
0.1472
0.284
0.4019
0.4866
0.5476
0.5836
0.5882
0.5504
0.4465
0.3012
0.1132
-0.0944
-0.2864
-0.4246
-0.4909
-0.442
-0.2972
-0.0874
0.143
0.3476
0.5041
0.5676
0.5542
0.4892
0.4084
0.346
0.3259
0.346
0.4084
0.4892
0.5542
0.5676
0.5041
0.365
0.1538
-0.0944
-0.327
-0.4884
-0.5355
-0.4592
-0.2632
0.007
0.2822
0.4882
0.5671
0.4882
0.2822
0.007
-0.2632
-0.4592
-0.5225
-0.471
-0.3162
-0.1014
0.124
0.3186
0.4595
0.5504
0.5882
0.5836
0.5476
0.4866
0.4019
0.284
0.1472
3.90313e-18
-0.1472
-0.284
-0.4149
-0.504
-0.5584
-0.5766
-0.5584
-0.504
-0.4019
-0.284
-0.1472
-3.90313e-18
0.1472
0.284
0.4019
0.4866
0.5476
0.5836
0.5882
0.5504
0.4465
0.3012
0.1132
-0.0944
-0.2864
-0.4246
-0.4779
-0.4246
-0.2864
-0.0944
0.1132
0.3012
0.4465
0.533
0.5774
0.5906
0.5774
0.533
0.4465
0.3012
0.1132
-0.0944
-0.2864
-0.4246
-0.4779
-0.4246
-0.2864
-0.0944
0.1132
0.3012
0.4595
0.5504
0.5882
0.5836
0.5476
0.4866
0.4149
0.3014
0.158
-0.007
-0.177
-0.3304
-0.4595
-0.5212
-0.5244
-0.4822
-0.4192
-0.3634
-0.3389
-0.3634
-0.4192
-0.4822
-0.5244
-0.5212
-0.4595
-0.3478
-0.1878
-9.97466e-18
0.1878
0.3478
0.4595
0.5212
0.5244
0.4822
0.4192
0.3634
0.3389
0.3634
0.4192
0.4822
0.5244
0.5212
0.4595
0.3478
0.1878
9.97466e-18
-0.1878
-0.3478
-0.4465
-0.5038
-0.5136
-0.4892
-0.449
-0.4098
-0.3705
-0.3632
-0.3744
-0.3948
-0.415
-0.427
-0.4281
-0.427
-0.415
-0.3948
-0.3744
-0.3632
-0.3835
-0.4098
-0.449
-0.4892
-0.5136
-0.5038
-0.4595
-0.3478
-0.1878
-9.97466e-18
0.1878
0.3478
0.4595
0.5212
0.5244
0.4822
0.4192
0.3634
0.3389
0.3634
0.4192
0.4822
0.5244
0.5212
0.4465
0.3304
0.177
0.007
-0.158
-0.3014
-0.4019
-0.4866
-0.5476
-0.5836
-0.5882
-0.5504
-0.4595
-0.3186
-0.124
0.1014
0.3162
0.471
0.5355
0.4592
0.2632
-0.007
-0.2822
-0.4882
-0.5671
-0.4882
-0.2822
-0.007
0.2632
0.4592
0.5225
0.471
0.3162
0.1014
-0.124
-0.3186
-0.4595
-0.5504
-0.5882
-0.5836
-0.5476
-0.4866
-0.4149
-0.3014
-0.158
0.007
0.177
0.3304
0.4465
0.5038
0.5136
0.4892
0.449
0.4098
0.3835
0.3806
0.3852
0.3878
0.3852
0.3806
0.3835
0.4098
0.449
0.4892
0.5136
0.5038
0.4595
0.3478
0.1878
9.97466e-18
-0.1878
-0.3478
-0.4595
-0.5212
-0.5244
-0.4822
-0.4192
-0.3634
-0.3259
-0.346
-0.4084
-0.4892
-0.5542
-0.5676
-0.4911
-0.3476
-0.143
0.0874
0.2972
0.442
0.4909
0.442
0.2972
0.0874
-0.143
-0.3476
-0.5041
-0.5676
-0.5542
-0.4892
-0.4084
-0.346
-0.3259
-0.346
-0.4084
-0.4892
-0.5542
-0.5676
-0.5041
-0.365
-0.1538
0.0944
0.327
0.4884
0.5225
0.4418
0.2524
-9.97466e-18
-0.2524
-0.4418
-0.5225
-0.471
-0.3162
-0.1014
0.124
0.3186
0.4595
0.5504
0.5882
0.5836
0.5476
0.4866
0.4019
0.284
0.1472
3.90313e-18
-0.1472
-0.284
-0.4149
-0.504
-0.5584
-0.5766
-0.5584
-0.504
-0.4019
-0.284
-0.1472
-3.90313e-18
0.1472
0.284
0.4149
0.504
0.5584
0.5766
0.5584
0.504
0.4149
0.3014
0.158
-0.007
-0.177
-0.3304
-0.4465
-0.5038
-0.5136
-0.4892
-0.449
-0.4098
-0.3835
-0.3806
-0.3852
-0.3878
-0.3852
-0.3806
-0.3705
-0.3924
-0.4382
-0.4962
-0.5434
-0.5502
-0.4911
-0.3476
-0.143
0.0874
0.2972
0.442
0.4909
0.442
0.2972
0.0874
-0.143
-0.3476
-0.5041
-0.5676
-0.5542
-0.4892
-0.4084
-0.346
-0.3389
-0.3634
-0.4192
-0.4822
-0.5244
-0.5212
-0.4595
-0.3478
-0.1878
-9.97466e-18
0.1878
0.3478
0.4595
0.5212
0.5244
0.4822
0.4192
0.3634
0.3259
0.346
0.4084
0.4892
0.5542
0.5676
0.5041
0.365
0.1538
-0.0944
-0.327
-0.4884
-0.5225
-0.4418
-0.2524
9.97466e-18
0.2524
0.4418
0.5355
0.4884
0.327
0.0944
-0.1538
-0.365
-0.4911
-0.5502
-0.5434
-0.4962
-0.4382
-0.3924
-0.3835
-0.3806
-0.3852
-0.3878
-0.3852
-0.3806
-0.3835
-0.4098
-0.449
-0.4892
-0.5136
-0.5038
-0.4595
-0.3478
-0.1878
-9.97466e-18
0.1878
0.3478
0.4595
0.5212
0.5244
0.4822
0.4192
0.3634
0.3259
0.346
0.4084
0.4892
0.5542
0.5676
0.5041
0.365
0.1538
-0.0944
-0.327
-0.4884
-0.5225
-0.4418
-0.2524
9.97466e-18
0.2524
0.4418
0.5225
0.471
0.3162
0.1014
-0.124
-0.3186
-0.4465
-0.533
-0.5774
-0.5906
-0.5774
-0.533
-0.4465
-0.3012
-0.1132
0.0944
0.2864
0.4246
0.4779
0.4246
0.2864
0.0944
-0.1132
-0.3012
-0.4465
-0.533
-0.5774
-0.5906
-0.5774
-0.533
-0.4595
-0.3186
-0.124
0.1014
0.3162
0.471
0.5225
0.4418
0.2524
-9.97466e-18
-0.2524
-0.4418
-0.5225
-0.471
-0.3162
-0.1014
0.124
0.3186
0.4595
0.5504
0.5882
0.5836
0.5476
0.4866
0.4149
0.3014
0.158
-0.007
-0.177
-0.3304
-0.4465
-0.5038
-0.5136
-0.4892
-0.449
-0.4098
-0.3705
-0.3632
-0.3744
-0.3948
-0.415
-0.427
-0.4281
-0.427
-0.415
-0.3948
-0.3744
-0.3632
-0.3835
-0.4098
-0.449
-0.4892
-0.5136
-0.5038
-0.4595
-0.3478
-0.1878
-9.97466e-18
0.1878
0.3478
0.4595
0.5212
0.5244
0.4822
0.4192
0.3634
0.3259
0.346
0.4084
0.4892
0.5542
0.5676
0.4911
0.3476
0.143
-0.0874
-0.2972
-0.442
-0.4909
-0.442
-0.2972
-0.0874
0.143
0.3476
0.4911
0.5502
0.5434
0.4962
0.4382
0.3924
0.3835
0.3806
0.3852
0.3878
0.3852
0.3806
0.3835
0.4098
0.449
0.4892
0.5136
0.5038
0.4465
0.3304
0.177
0.007
-0.158
-0.3014
-0.4019
-0.4866
-0.5476
-0.5836
-0.5882
-0.5504
-0.4465
-0.3012
-0.1132
0.0944
0.2864
0.4246
0.4779
0.4246
0.2864
0.0944
-0.1132
-0.3012
-0.4595
-0.5504
-0.5882
-0.5836
-0.5476
-0.4866
-0.4149
-0.3014
-0.158
0.007
0.177
0.3304
0.4465
0.5038
0.5136
0.4892
0.449
0.4098
0.3835
0.3806
0.3852
0.3878
0.3852
0.3806
0.3705
0.3924
0.4382
0.4962
0.5434
0.5502
0.5041
0.365
0.1538
-0.0944
-0.327
-0.4884
-0.5355
-0.4592
-0.2632
0.007
0.2822
0.4882
0.5671
0.4882
0.2822
0.007
-0.2632
-0.4592
-0.5225
-0.471
-0.3162
-0.1014
0.124
0.3186
0.4595
0.5504
0.5882
0.5836
0.5476
0.4866
0.4149
0.3014
0.158
-0.007
-0.177
-0.3304
-0.4595
-0.5212
-0.5244
-0.4822
-0.4192
-0.3634
-0.3259
-0.346
-0.4084
-0.4892
-0.5542
-0.5676
-0.5041
-0.365
-0.1538
0.0944
0.327
0.4884
0.5355
0.4592
0.2632
-0.007
-0.2822
-0.4882
-0.5671
-0.4882
-0.2822
-0.007
0.2632
0.4592
0.5355
0.4884
0.327
0.0944
-0.1538
-0.365
-0.4911
-0.5502
-0.5434
-0.4962
-0.4382
-0.3924
-0.3705
-0.3632
-0.3744
-0.3948
-0.415
-0.427
-0.4151
-0.4096
-0.4042
-0.4018
-0.4042
-0.4096
-0.4281
-0.427
-0.415
-0.3948
-0.3744
-0.3632
-0.3835
-0.4098
-0.449
-0.4892
-0.5136
-0.5038
-0.4465
-0.3304
-0.177
-0.007
0.158
0.3014
0.4019
0.4866
0.5476
0.5836
0.5882
0.5504
0.4595
0.3186
0.124
-0.1014
-0.3162
-0.471
-0.5355
-0.4592
-0.2632
0.007
0.2822
0.4882
0.5671
0.4882
0.2822
0.007
-0.2632
-0.4592
-0.5355
-0.4884
-0.327
-0.0944
0.1538
0.365
0.5041
0.5676
0.5542
0.4892
0.4084
0.346
0.3259
0.346
0.4084
0.4892
0.5542
0.5676
0.4911
0.3476
0.143
-0.0874
-0.2972
-0.442
-0.4909
-0.442
-0.2972
-0.0874
0.143
0.3476
0.4911
0.5502
0.5434
0.4962
0.4382
0.3924
0.3835
0.3806
0.3852
0.3878
0.3852
0.3806
0.3705
0.3924
0.4382
0.4962
0.5434
0.5502
0.4911
0.3476
0.143
-0.0874
-0.2972
-0.442
-0.4779
-0.4246
-0.2864
-0.0944
0.1132
0.3012
0.4595
0.5504
0.5882
0.5836
0.5476
0.4866
0.4149
0.3014
0.158
-0.007
-0.177
-0.3304
-0.4595
-0.5212
-0.5244
-0.4822
-0.4192
-0.3634
-0.3389
-0.3634
-0.4192
-0.4822
-0.5244
-0.5212
-0.4595
-0.3478
-0.1878
-9.97466e-18
0.1878
0.3478
0.4465
0.5038
0.5136
0.4892
0.449
0.4098
0.3705
0.3632
0.3744
0.3948
0.415
0.427
0.4151
0.4096
0.4042
0.4018
0.4042
0.4096
0.4151
0.4096
0.4042
0.4018
0.4042
0.4096
0.4151
0.4096
0.4042
0.4018
0.4042
0.4096
0.4151
0.4096
0.4042
0.4018
0.4042
0.4096
0.4151
0.4096
0.4042
0.4018
0.4042
0.4096
0.4151
0.4096
0.4042
0.4018
0.4042
0.4096
0.4281
0.427
0.415
0.3948
0.3744
0.3632
0.3835
0.4098
0.449
0.4892
0.5136
0.5038
0.4465
0.3304
0.177
0.007
-0.158
-0.3014
-0.4019
-0.4866
-0.5476
-0.5836
-0.5882
-0.5504
-0.4595
-0.3186
-0.124
0.1014
0.3162
0.471
0.5355
0.4592
0.2632
-0.007
-0.2822
-0.4882
-0.5671
-0.4882
-0.2822
-0.007
0.2632
0.4592
0.5225
0.471
0.3162
0.1014
-0.124
-0.3186
-0.4595
-0.5504
-0.5882
-0.5836
-0.5476
-0.4866
-0.4019
-0.284
-0.1472
-3.90313e-18
0.1472
0.284
0.4019
0.4866
0.5476
0.5836
0.5882
0.5504
0.4595
0.3186
0.124
-0.1014
-0.3162
-0.471
-0.5225
-0.4418
-0.2524
9.97466e-18
0.2524
0.4418
0.5355
0.4884
0.327
0.0944
-0.1538
-0.365
-0.4911
-0.5502
-0.5434
-0.4962
-0.4382
-0.3924
-0.3835
-0.3806
-0.3852
-0.3878
-0.3852
-0.3806
-0.3835
-0.4098
-0.449
-0.4892
-0.5136
-0.5038
-0.4465
-0.3304
-0.177
-0.007
0.158
0.3014
0.4019
0.4866
0.5476
0.5836
0.5882
0.5504
0.4465
0.3012
0.1132
-0.0944
-0.2864
-0.4246
-0.4909
-0.442
-0.2972
-0.0874
0.143
0.3476
0.4911
0.5502
0.5434
0.4962
0.4382
0.3924
0.3705
0.3632
0.3744
0.3948
0.415
0.427
0.4281
0.427
0.415
0.3948
0.3744
0.3632
0.3705
0.3924
0.4382
0.4962
0.5434
0.5502
0.4911
0.3476
0.143
-0.0874
-0.2972
-0.442
-0.4909
-0.442
-0.2972
-0.0874
0.143
0.3476
0.5041
0.5676
0.5542
0.4892
0.4084
0.346
0.3259
0.346
0.4084
0.4892
0.5542
0.5676
0.4911
0.3476
0.143
-0.0874
-0.2972
-0.442
-0.4909
-0.442
-0.2972
-0.0874
0.143
0.3476
0.4911
0.5502
0.5434
0.4962
0.4382
0.3924
0.3835
0.3806
0.3852
0.3878
0.3852
0.3806
0.3705
0.3924
0.4382
0.4962
0.5434
0.5502
0.4911
0.3476
0.143
-0.0874
-0.2972
-0.442
-0.4909
-0.442
-0.2972
-0.0874
0.143
0.3476
0.5041
0.5676
0.5542
0.4892
0.4084
0.346
0.3389
0.3634
0.4192
0.4822
0.5244
0.5212
0.4465
0.3304
0.177
0.007
-0.158
-0.3014
-0.4149
-0.504
-0.5584
-0.5766
-0.5584
-0.504
-0.4149
-0.3014
-0.158
0.007
0.177
0.3304
0.4595
0.5212
0.5244
0.4822
0.4192
0.3634
0.3389
0.3634
0.4192
0.4822
0.5244
0.5212
0.4595
0.3478
0.1878
9.97466e-18
-0.1878
-0.3478
-0.4465
-0.5038
-0.5136
-0.4892
-0.449
-0.4098
-0.3705
-0.3632
-0.3744
-0.3948
-0.415
-0.427
-0.4151
-0.4096
-0.4042
-0.4018
-0.4042
-0.4096
-0.4151
-0.4096
-0.4042
-0.4018
-0.4042
-0.4096
-0.4151
-0.4096
-0.4042
-0.4018
-0.4042
-0.4096
-0.4151
-0.4096
-0.4042
-0.4018
-0.4042
-0.4096
-0.4151
-0.4096
-0.4042
-0.4018
-0.4042
-0.4096
-0.4281
-0.427
-0.415
-0.3948
-0.3744
-0.3632
-0.3835
-0.4098
-0.449
-0.4892
-0.5136
-0.5038
-0.4465
-0.3304
-0.177
-0.007
0.158
0.3014
0.4019
0.4866
0.5476
0.5836
0.5882
0.5504
0.4465
0.3012
0.1132
-0.0944
-0.2864
-0.4246
-0.4779
-0.4246
-0.2864
-0.0944
0.1132
0.3012
0.4465
0.533
0.5774
0.5906
0.5774
0.533
0.4465
0.3012
0.1132
-0.0944
-0.2864
-0.4246
-0.4779
-0.4246
-0.2864
-0.0944
0.1132
0.3012
0.4465
0.533
0.5774
0.5906
0.5774
0.533
0.4465
0.3012
0.1132
-0.0944
-0.2864
-0.4246
-0.4779
-0.4246
-0.2864
-0.0944
0.1132
0.3012
0.4465
0.533
0.5774
0.5906
0.5774
0.533
0.4595
0.3186
0.124
-0.1014
-0.3162
-0.471
-0.5355
-0.4592
-0.2632
0.007
0.2822
0.4882
0.5671
0.4882
0.2822
0.007
-0.2632
-0.4592
-0.5225
-0.471
-0.3162
-0.1014
0.124
0.3186
0.4595
0.5504
0.5882
0.5836
0.5476
0.4866
0.4149
0.3014
0.158
-0.007
-0.177
-0.3304
-0.4595
-0.5212
-0.5244
-0.4822
-0.4192
-0.3634
-0.3259
-0.346
-0.4084
-0.4892
-0.5542
-0.5676
-0.5041
-0.365
-0.1538
0.0944
0.327
0.4884
0.5355
0.4592
0.2632
-0.007
-0.2822
-0.4882
-0.5671
-0.4882
-0.2822
-0.007
0.2632
0.4592
0.5355
0.4884
0.327
0.0944
-0.1538
-0.365
-0.4911
-0.5502
-0.5434
-0.4962
-0.4382
-0.3924
-0.3705
-0.3632
-0.3744
-0.3948
-0.415
-0.427
-0.4151
-0.4096
-0.4042
-0.4018
-0.4042
-0.4096
-0.4151
-0.4096
-0.4042
-0.4018
-0.4042
-0.4096
-0.4281
-0.427
-0.415
-0.3948
-0.3744
-0.3632
-0.3705
-0.3924
-0.4382
-0.4962
-0.5434
-0.5502
-0.5041
-0.365
-0.1538
0.0944
0.327
0.4884
0.5355
0.4592
0.2632
-0.007
-0.2822
-0.4882
-0.5671
-0.4882
-0.2822
-0.007
0.2632
0.4592
0.5355
0.4884
0.327
0.0944
-0.1538
-0.365
-0.5041
-0.5676
-0.5542
-0.4892
-0.4084
-0.346
-0.3259
-0.346
-0.4084
-0.4892
-0.5542
-0.5676
-0.5041
-0.365
-0.1538
0.0944
0.327
0.4884
0.5225
0.4418
0.2524
-9.97466e-18
-0.2524
-0.4418
-0.5355
-0.4884
-0.327
-0.0944
0.1538
0.365
0.5041
0.5676
0.5542
0.4892
0.4084
0.346
0.3389
0.3634
0.4192
0.4822
0.5244
0.5212
0.4595
0.3478
0.1878
9.97466e-18
-0.1878
-0.3478
-0.4595
-0.5212
-0.5244
-0.4822
-0.4192
-0.3634
-0.3389
-0.3634
-0.4192
-0.4822
-0.5244
-0.5212
-0.4595
-0.3478
-0.1878
-9.97466e-18
0.1878
0.3478
0.4465
0.5038
0.5136
0.4892
0.449
0.4098
0.3835
0.3806
0.3852
0.3878
0.3852
0.3806
0.3705
0.3924
0.4382
0.4962
0.5434
0.5502
0.4911
0.3476
0.143
-0.0874
-0.2972
-0.442
-0.4779
-0.4246
-0.2864
-0.0944
0.1132
0.3012
0.4465
0.533
0.5774
0.5906
0.5774
0.533
0.4595
0.3186
0.124
-0.1014
-0.3162
-0.471
-0.5225
-0.4418
-0.2524
9.97466e-18
0.2524
0.4418
0.5225
0.471
0.3162
0.1014
-0.124
-0.3186
-0.4595
-0.5504
-0.5882
-0.5836
-0.5476
-0.4866
-0.4149
-0.3014
-0.158
0.007
0.177
0.3304
0.4595
0.5212
0.5244
0.4822
0.4192
0.3634
0.3259
0.346
0.4084
0.4892
0.5542
0.5676
0.5041
0.365
0.1538
-0.0944
-0.327
-0.4884
-0.5355
-0.4592
-0.2632
0.007
0.2822
0.4882
0.5801
0.5056
0.293
-3.90313e-18
-0.293
-0.5056
-0.5671
-0.4882
-0.2822
-0.007
0.2632
0.4592
0.5225
0.471
0.3162
0.1014
-0.124
-0.3186
-0.4595
-0.5504
-0.5882
-0.5836
-0.5476
-0.4866
-0.4019
-0.284
-0.1472
-3.90313e-18
0.1472
0.284
0.4019
0.4866
0.5476
0.5836
0.5882
0.5504
0.4595
0.3186
0.124
-0.1014
-0.3162
-0.471
-0.5225
-0.4418
-0.2524
9.97466e-18
0.2524
0.4418
0.5225
0.471
0.3162
0.1014
-0.124
-0.3186
-0.4595
-0.5504
-0.5882
-0.5836
-0.5476
-0.4866
-0.4149
-0.3014
-0.158
0.007
0.177
0.3304
0.4465
0.5038
0.5136
0.4892
0.449
0.4098
0.3705
0.3632
0.3744
0.3948
0.415
0.427
0.4281
0.427
0.415
0.3948
0.3744
0.3632
0.3835
0.4098
0.449
0.4892
0.5136
0.5038
0.4595
0.3478
0.1878
9.97466e-18
-0.1878
-0.3478
-0.4465
-0.5038
-0.5136
-0.4892
-0.449
-0.4098
-0.3835
-0.3806
-0.3852
-0.3878
-0.3852
-0.3806
-0.3835
-0.4098
-0.449
-0.4892
-0.5136
-0.5038
-0.4595
-0.3478
-0.1878
-9.97466e-18
0.1878
0.3478
0.4465
0.5038
0.5136
0.4892
0.449
0.4098
0.3835
0.3806
0.3852
0.3878
0.3852
0.3806
0.3705
0.3924
0.4382
0.4962
0.5434
0.5502
0.4911
0.3476
0.143
-0.0874
-0.2972
-0.442
-0.4909
-0.442
-0.2972
-0.0874
0.143
0.3476
0.4911
0.5502
0.5434
0.4962
0.4382
0.3924
0.3835
0.3806
0.3852
0.3878
0.3852
0.3806
0.3835
0.4098
0.449
0.4892
0.5136
0.5038
0.4595
0.3478
0.1878
9.97466e-18
-0.1878
-0.3478
-0.4465
-0.5038
-0.5136
-0.4892
-0.449
-0.4098
-0.3835
-0.3806
-0.3852
-0.3878
-0.3852
-0.3806
-0.3705
-0.3924
-0.4382
-0.4962
-0.5434
-0.5502
-0.4911
-0.3476
-0.143
0.0874
0.2972
0.442
0.4779
0.4246
0.2864
0.0944
-0.1132
-0.3012
-0.4465
-0.533
-0.5774
-0.5906
-0.5774
-0.533
-0.4465
-0.3012
-0.1132
0.0944
0.2864
0.4246
0.4779
0.4246
0.2864
0.0944
-0.1132
-0.3012
-0.4595
-0.5504
-0.5882
-0.5836
-0.5476
-0.4866
-0.4019
-0.284
-0.1472
-3.90313e-18
0.1472
0.284
0.4019
0.4866
0.5476
0.5836
0.5882
0.5504
0.4595
0.3186
0.124
-0.1014
-0.3162
-0.471
-0.5225
-0.4418
-0.2524
9.97466e-18
0.2524
0.4418
0.5355
0.4884
0.327
0.0944
-0.1538
-0.365
-0.4911
-0.5502
-0.5434
-0.4962
-0.4382
-0.3924
-0.3705
-0.3632
-0.3744
-0.3948
-0.415
-0.427
-0.4151
-0.4096
-0.4042
-0.4018
-0.4042
-0.4096
-0.4151
-0.4096
-0.4042
-0.4018
-0.4042
-0.4096
-0.4151
-0.4096
-0.4042
-0.4018
-0.4042
-0.4096
-0.4281
-0.427
-0.415
-0.3948
-0.3744
-0.3632
-0.3705
-0.3924
-0.4382
-0.4962
-0.5434
-0.5502
-0.5041
-0.365
-0.1538
0.0944
0.327
0.4884
0.5355
0.4592
0.2632
-0.007
-0.2822
-0.4882
-0.5671
-0.4882
-0.2822
-0.007
0.2632
0.4592
0.5225
0.471
0.3162
0.1014
-0.124
-0.3186
-0.4465
-0.533
-0.5774
-0.5906
-0.5774
-0.533
-0.4595
-0.3186
-0.124
0.1014
0.3162
0.471
0.5225
0.4418
0.2524
-9.97466e-18
-0.2524
-0.4418
-0.5355
-0.4884
-0.327
-0.0944
0.1538
0.365
0.5041
0.5676
0.5542
0.4892
0.4084
0.346
0.3259
0.346
0.4084
0.4892
0.5542
0.5676
0.5041
0.365
0.1538
-0.0944
-0.327
-0.4884
-0.5355
-0.4592
-0.2632
0.007
0.2822
0.4882
0.5671
0.4882
0.2822
0.007
-0.2632
-0.4592
-0.5355
-0.4884
-0.327
-0.0944
0.1538
0.365
0.5041
0.5676
0.5542
0.4892
0.4084
0.346
0.3259
0.346
0.4084
0.4892
0.5542
0.5676
0.5041
0.365
0.1538
-0.0944
-0.327
-0.4884
-0.5225
-0.4418
-0.2524
9.97466e-18
0.2524
0.4418
0.5225
0.471
0.3162
0.1014
-0.124
-0.3186
-0.4595
-0.5504
-0.5882
-0.5836
-0.5476
-0.4866
-0.4019
-0.284
-0.1472
-3.90313e-18
0.1472
0.284
0.4019
0.4866
0.5476
0.5836
0.5882
0.5504
0.4465
0.3012
0.1132
-0.0944
-0.2864
-0.4246
-0.4909
-0.442
-0.2972
-0.0874
0.143
0.3476
0.5041
0.5676
0.5542
0.4892
0.4084
0.346
0.3389
0.3634
0.4192
0.4822
0.5244
0.5212
0.4595
0.3478
0.1878
9.97466e-18
-0.1878
-0.3478
-0.4595
-0.5212
-0.5244
-0.4822
-0.4192
-0.3634
-0.3259
-0.346
-0.4084
-0.4892
-0.5542
-0.5676
-0.4911
-0.3476
-0.143
0.0874
0.2972
0.442
0.4779
0.4246
0.2864
0.0944
-0.1132
-0.3012
-0.4595
-0.5504
-0.5882
-0.5836
-0.5476
-0.4866
-0.4149
-0.3014
-0.158
0.007
0.177
0.3304
0.4595
0.5212
0.5244
0.4822
0.4192
0.3634
0.3259
0.346
0.4084
0.4892
0.5542
0.5676
0.4911
0.3476
0.143
-0.0874
-0.2972
-0.442
-0.4779
-0.4246
-0.2864
-0.0944
0.1132
0.3012
0.4595
0.5504
0.5882
0.5836
0.5476
0.4866
0.4149
0.3014
0.158
-0.007
-0.177
-0.3304
-0.4465
-0.5038
-0.5136
-0.4892
-0.449
-0.4098
-0.3835
-0.3806
-0.3852
-0.3878
-0.3852
-0.3806
-0.3705
-0.3924
-0.4382
-0.4962
-0.5434
-0.5502
-0.4911
-0.3476
-0.143
0.0874
0.2972
0.442
0.4779
0.4246
0.2864
0.0944
-0.1132
-0.3012
-0.4595
-0.5504
-0.5882
-0.5836
-0.5476
-0.4866
-0.4149
-0.3014
-0.158
0.007
0.177
0.3304
0.4465
0.5038
0.5136
0.4892
0.449
0.4098
0.3835
0.3806
0.3852
0.3878
0.3852
0.3806
0.3835
0.4098
0.449
0.4892
0.5136
0.5038
0.4595
0.3478
0.1878
9.97466e-18
-0.1878
-0.3478
-0.4465
-0.5038
-0.5136
-0.4892
-0.449
-0.4098
-0.3705
-0.3632
-0.3744
-0.3948
-0.415
-0.427
-0.4151
-0.4096
-0.4042
-0.4018
-0.4042
-0.4096
-0.4281
-0.427
-0.415
-0.3948
-0.3744
-0.3632
-0.3835
-0.4098
-0.449
-0.4892
-0.5136
-0.5038
-0.4595
-0.3478
-0.1878
-9.97466e-18
0.1878
0.3478
0.4465
0.5038
0.5136
0.4892
0.449
0.4098
0.3835
0.3806
0.3852
0.3878
0.3852
0.3806
0.3705
0.3924
0.4382
0.4962
0.5434
0.5502
0.4911
0.3476
0.143
-0.0874
-0.2972
-0.442
-0.4909
-0.442
-0.2972
-0.0874
0.143
0.3476
0.4911
0.5502
0.5434
0.4962
0.4382
0.3924
0.3835
0.3806
0.3852
0.3878
0.3852
0.3806
0.3835
0.4098
0.449
0.4892
0.5136
0.5038
0.4595
0.3478
0.1878
9.97466e-18
-0.1878
-0.3478
-0.4595
-0.5212
-0.5244
-0.4822
-0.4192
-0.3634
-0.3259
-0.346
-0.4084
-0.4892
-0.5542
-0.5676
-0.5041
-0.365
-0.1538
0.0944
0.327
0.4884
0.5225
0.4418
0.2524
-9.97466e-18
-0.2524
-0.4418
-0.5225
-0.471
-0.3162
-0.1014
0.124
0.3186
0.4595
0.5504
0.5882
0.5836
0.5476
0.4866
0.4019
0.284
0.1472
3.90313e-18
-0.1472
-0.284
-0.4149
-0.504
-0.5584
-0.5766
-0.5584
-0.504
-0.4019
-0.284
-0.1472
-3.90313e-18
0.1472
0.284
0.4149
0.504
0.5584
0.5766
0.5584
0.504
0.4019
0.284
0.1472
3.90313e-18
-0.1472
-0.284
-0.4149
-0.504
-0.5584
-0.5766
-0.5584
-0.504
-0.4019
-0.284
-0.1472
-3.90313e-18
0.1472
0.284
0.4019
0.4866
0.5476
0.5836
0.5882
0.5504
0.4465
0.3012
0.1132
-0.0944
-0.2864
-0.4246
-0.4779
-0.4246
-0.2864
-0.0944
0.1132
0.3012
0.4595
0.5504
0.5882
0.5836
0.5476
0.4866
0.4149
0.3014
0.158
-0.007
-0.177
-0.3304
-0.4595
-0.5212
-0.5244
-0.4822
-0.4192
-0.3634
-0.3259
-0.346
-0.4084
-0.4892
-0.5542
-0.5676
-0.4911
-0.3476
-0.143
0.0874
0.2972
0.442
0.4779
0.4246
0.2864
0.0944
-0.1132
-0.3012
-0.4595
-0.5504
-0.5882
-0.5836
-0.5476
-0.4866
-0.4149
-0.3014
-0.158
0.007
0.177
0.3304
0.4595
0.5212
0.5244
0.4822
0.4192
0.3634
0.3259
0.346
0.4084
0.4892
0.5542
0.5676
0.5041
0.365
0.1538
-0.0944
-0.327
-0.4884
-0.5225
-0.4418
-0.2524
9.97466e-18
0.2524
0.4418
0.5355
0.4884
0.327
0.0944
-0.1538
-0.365
-0.5041
-0.5676
-0.5542
-0.4892
-0.4084
-0.346
-0.3259
-0.346
-0.4084
-0.4892
-0.5542
-0.5676
-0.5041
-0.365
-0.1538
0.0944
0.327
0.4884
0.5355
0.4592
0.2632
-0.007
-0.2822
-0.4882
-0.5801
-0.5056
-0.293
3.90313e-18
0.293
0.5056
0.5801
0.5056
0.293
-3.90313e-18
-0.293
-0.5056
-0.5801
-0.5056
-0.293
3.90313e-18
0.293
0.5056
0.5671
0.4882
0.2822
0.007
-0.2632
-0.4592
-0.5225
-0.471
-0.3162
-0.1014
0.124
0.3186
0.4465
0.533
0.5774
0.5906
0.5774
0.533
0.4595
0.3186
0.124
-0.1014
-0.3162
-0.471
-0.5355
-0.4592
-0.2632
0.007
0.2822
0.4882
0.5671
0.4882
0.2822
0.007
-0.2632
-0.4592
-0.5225
-0.471
-0.3162
-0.1014
0.124
0.3186
0.4465
0.533
0.5774
0.5906
0.5774
0.533
0.4595
0.3186
0.124
-0.1014
-0.3162
-0.471
-0.5225
-0.4418
-0.2524
9.97466e-18
0.2524
0.4418
0.5225
0.471
0.3162
0.1014
-0.124
-0.3186
-0.4595
-0.5504
-0.5882
-0.5836
-0.5476
-0.4866
-0.4149
-0.3014
-0.158
0.007
0.177
0.3304
0.4465
0.5038
0.5136
0.4892
0.449
0.4098
0.3705
0.3632
0.3744
0.3948
0.415
0.427
0.4151
0.4096
0.4042
0.4018
0.4042
0.4096
0.4151
0.4096
0.4042
0.4018
0.4042
0.4096
0.4281
0.427
0.415
0.3948
0.3744
0.3632
0.3835
0.4098
0.449
0.4892
0.5136
0.5038
0.4595
0.3478
0.1878
9.97466e-18
-0.1878
-0.3478
-0.4595
-0.5212
-0.5244
-0.4822
-0.4192
-0.3634
-0.3389
-0.3634
-0.4192
-0.4822
-0.5244
-0.5212
-0.4595
-0.3478
-0.1878
-9.97466e-18
0.1878
0.3478
0.4465
0.5038
0.5136
0.4892
0.449
0.4098
0.3705
0.3632
0.3744
0.3948
0.415
0.427
0.4281
0.427
0.415
0.3948
0.3744
0.3632
0.3705
0.3924
0.4382
0.4962
0.5434
0.5502
0.5041
0.365
0.1538
-0.0944
-0.327
-0.4884
-0.5225
-0.4418
-0.2524
9.97466e-18
0.2524
0.4418
0.5225
0.471
0.3162
0.1014
-0.124
-0.3186
-0.4465
-0.533
-0.5774
-0.5906
-0.5774
-0.533
-0.4595
-0.3186
-0.124
0.1014
0.3162
0.471
0.5225
0.4418
0.2524
-9.97466e-18
-0.2524
-0.4418
-0.5225
-0.471
-0.3162
-0.1014
0.124
0.3186
0.4595
0.5504
0.5882
0.5836
0.5476
0.4866
0.4149
0.3014
0.158
-0.007
-0.177
-0.3304
-0.4595
-0.5212
-0.5244
-0.4822
-0.4192
-0.3634
-0.3389
-0.3634
-0.4192
-0.4822
-0.5244
-0.5212
-0.4465
-0.3304
-0.177
-0.007
0.158
0.3014
0.4149
0.504
0.5584
0.5766
0.5584
0.504
0.4019
0.284
0.1472
3.90313e-18
-0.1472
-0.284
-0.4019
-0.4866
-0.5476
-0.5836
-0.5882
-0.5504
-0.4465
-0.3012
-0.1132
0.0944
0.2864
0.4246
0.4909
0.442
0.2972
0.0874
-0.143
-0.3476
-0.5041
-0.5676
-0.5542
-0.4892
-0.4084
-0.346
-0.3259
-0.346
-0.4084
-0.4892
-0.5542
-0.5676
-0.5041
-0.365
-0.1538
0.0944
0.327
0.4884
0.5355
0.4592
0.2632
-0.007
-0.2822
-0.4882
-0.5801
-0.5056
-0.293
3.90313e-18
0.293
0.5056
0.5801
0.5056
0.293
-3.90313e-18
-0.293
-0.5056
-0.5671
-0.4882
-0.2822
-0.007
0.2632
0.4592
0.5225
0.471
0.3162
0.1014
-0.124
-0.3186
-0.4465
-0.533
-0.5774
-0.5906
-0.5774
-0.533
-0.4465
-0.3012
-0.1132
0.0944
0.2864
0.4246
0.4779
0.4246
0.2864
0.0944
-0.1132
-0.3012
-0.4465
-0.533
-0.5774
-0.5906
-0.5774
-0.533
-0.4595
-0.3186
-0.124
0.1014
0.3162
0.471
0.5355
0.4592
0.2632
-0.007
-0.2822
-0.4882
-0.5671
-0.4882
-0.2822
-0.007
0.2632
0.4592
0.5355
0.4884
0.327
0.0944
-0.1538
-0.365
-0.4911
-0.5502
-0.5434
-0.4962
-0.4382
-0.3924
-0.3835
-0.3806
-0.3852
-0.3878
-0.3852
-0.3806
-0.3835
-0.4098
-0.449
-0.4892
-0.5136
-0.5038
-0.4465
-0.3304
-0.177
-0.007
0.158
0.3014
0.4149
0.504
0.5584
0.5766
0.5584
0.504
0.4149
0.3014
0.158
-0.007
-0.177
-0.3304
-0.4465
-0.5038
-0.5136
-0.4892
-0.449
-0.4098
-0.3705
-0.3632
-0.3744
-0.3948
-0.415
-0.427
-0.4281
-0.427
-0.415
-0.3948
-0.3744
-0.3632
-0.3705
-0.3924
-0.4382
-0.4962
-0.5434
-0.5502
-0.5041
-0.365
-0.1538
0.0944
0.327
0.4884
0.5355
0.4592
0.2632
-0.007
-0.2822
-0.4882
-0.5801
-0.5056
-0.293
3.90313e-18
0.293
0.5056
0.5671
0.4882
0.2822
0.007
-0.2632
-0.4592
-0.5225
-0.471
-0.3162
-0.1014
0.124
0.3186
0.4595
0.5504
0.5882
0.5836
0.5476
0.4866
0.4149
0.3014
0.158
-0.007
-0.177
-0.3304
-0.4595
-0.5212
-0.5244
-0.4822
-0.4192
-0.3634
-0.3259
-0.346
-0.4084
-0.4892
-0.5542
-0.5676
-0.5041
-0.365
-0.1538
0.0944
0.327
0.4884
0.5355
0.4592
0.2632
-0.007
-0.2822
-0.4882
-0.5801
-0.5056
-0.293
3.90313e-18
0.293
0.5056
0.5671
0.4882
0.2822
0.007
-0.2632
-0.4592
-0.5355
-0.4884
-0.327
-0.0944
0.1538
0.365
0.4911
0.5502
0.5434
0.4962
0.4382
0.3924
0.3705
0.3632
0.3744
0.3948
0.415
0.427
0.4281
0.427
0.415
0.3948
0.3744
0.3632
0.3835
0.4098
0.449
0.4892
0.5136
0.5038
0.4465
0.3304
0.177
0.007
-0.158
-0.3014
-0.4019
-0.4866
-0.5476
-0.5836
-0.5882
-0.5504
-0.4595
-0.3186
-0.124
0.1014
0.3162
0.471
0.5225
0.4418
0.2524
-9.97466e-18
-0.2524
-0.4418
-0.5225
-0.471
-0.3162
-0.1014
0.124
0.3186
0.4465
0.533
0.5774
0.5906
0.5774
0.533
0.4595
0.3186
0.124
-0.1014
-0.3162
-0.471
-0.5355
-0.4592
-0.2632
0.007
0.2822
0.4882
0.5671
0.4882
0.2822
0.007
-0.2632
-0.4592
-0.5225
-0.471
-0.3162
-0.1014
0.124
0.3186
0.4465
0.533
0.5774
0.5906
0.5774
0.533
0.4595
0.3186
0.124
-0.1014
-0.3162
-0.471
-0.5355
-0.4592
-0.2632
0.007
0.2822
0.4882
0.5801
0.5056
0.293
-3.90313e-18
-0.293
-0.5056
-0.5801
-0.5056
-0.293
3.90313e-18
0.293
0.5056
0.5671
0.4882
0.2822
0.007
-0.2632
-0.4592
-0.5225
-0.471
-0.3162
-0.1014
0.124
0.3186
0.4465
0.533
0.5774
0.5906
0.5774
0.533
0.4595
0.3186
0.124
-0.1014
-0.3162
-0.471
-0.5225
-0.4418
-0.2524
9.97466e-18
0.2524
0.4418
0.5225
0.471
0.3162
0.1014
-0.124
-0.3186
-0.4465
-0.533
-0.5774
-0.5906
-0.5774
-0.533
-0.4465
-0.3012
-0.1132
0.0944
0.2864
0.4246
0.4909
0.442
0.2972
0.0874
-0.143
-0.3476
-0.4911
-0.5502
-0.5434
-0.4962
-0.4382
-0.3924
-0.3705
-0.3632
-0.3744
-0.3948
-0.415
-0.427
-0.4281
-0.427
-0.415
-0.3948
-0.3744
-0.3632
-0.3835
-0.4098
-0.449
-0.4892
-0.5136
-0.5038
-0.4465
-0.3304
-0.177
-0.007
0.158
0.3014
0.4019
0.4866
0.5476
0.5836
0.5882
0.5504
0.4595
0.3186
0.124
-0.1014
-0.3162
-0.471
-0.5225
-0.4418
-0.2524
9.97466e-18
0.2524
0.4418
0.5225
0.471
0.3162
0.1014
-0.124
-0.3186
-0.4595
-0.5504
-0.5882
-0.5836
-0.5476
-0.4866
-0.4149
-0.3014
-0.158
0.007
0.177
0.3304
0.4595
0.5212
0.5244
0.4822
0.4192
0.3634
0.3259
0.346
0.4084
0.4892
0.5542
0.5676
0.4911
0.3476
0.143
-0.0874
-0.2972
-0.442
-0.4909
-0.442
-0.2972
-0.0874
0.143
0.3476
0.4911
0.5502
0.5434
0.4962
0.4382
0.3924
0.3705
0.3632
0.3744
0.3948
0.415
0.427
0.4151
0.4096
0.4042
0.4018
0.4042
0.4096
0.4151
0.4096
0.4042
0.4018
0.4042
0.4096
0.4281
0.427
0.415
0.3948
0.3744
0.3632
0.3705
0.3924
0.4382
0.4962
0.5434
0.5502
0.4911
0.3476
0.143
-0.0874
-0.2972
-0.442
-0.4909
-0.442
-0.2972
-0.0874
0.143
0.3476
0.4911
0.5502
0.5434
0.4962
0.4382
0.3924
0.3705
0.3632
0.3744
0.3948
0.415
0.427
0.4281
0.427
0.415
0.3948
0.3744
0.3632
0.3705
0.3924
0.4382
0.4962
0.5434
0.5502
0.5041
0.365
0.1538
-0.0944
-0.327
-0.4884
-0.5225
-0.4418
-0.2524
9.97466e-18
0.2524
0.4418
0.5225
0.471
0.3162
0.1014
-0.124
-0.3186
-0.4595
-0.5504
-0.5882
-0.5836
-0.5476
-0.4866
-0.4149
-0.3014
-0.158
0.007
0.177
0.3304
0.4595
0.5212
0.5244
0.4822
0.4192
0.3634
0.3259
0.346
0.4084
0.4892
0.5542
0.5676
0.4911
0.3476
0.143
-0.0874
-0.2972
-0.442
-0.4779
-0.4246
-0.2864
-0.0944
0.1132
0.3012
0.4465
0.533
0.5774
0.5906
0.5774
0.533
0.4595
0.3186
0.124
-0.1014
-0.3162
-0.471
-0.5225
-0.4418
-0.2524
9.97466e-18
0.2524
0.4418
0.5225
0.471
0.3162
0.1014
-0.124
-0.3186
-0.453
-0.5417
-0.5828
-0.5871
-0.5625
-0.5098
-0.4307
-0.3013
-0.1356
0.0507
0.2317
0.3775
0.4687
0.4729
0.4054
0.2883
0.153
0.0311
-0.0603
-0.0935
-0.0845
-0.0507
-0.0116
0.0173
0.0223
0.0232
0.0149
0.0035
-0.0054
-0.0087
